100 100
0 38 54 9 60 34 77 15 28 19 95 70 4 16 98 42 97 87 55 64 90 80 49 1 36 39 75 45 17 89 53 67 74 79 99 35 33 23 69 62 50 58 26 27 91 81 21 84 71 78 44 92 30 31 65 3 13 10 96 29 52 12 57 32 68 18 14 82 86 8 48 47 37 66 25 46 88 93 6 41 94 20 24 2 7 11 59 76 63 51 5 83 73 72 56 85 61 22 43 40 
34 1 46 38 61 15 53 81 16 98 69 40 62 8 27 4 93 82 45 56 30 17 11 63 90 74 10 71 67 2 60 94 29 41 18 36 47 55 33 39 31 22 13 96 68 87 78 70 57 21 24 43 91 32 79 65 58 97 51 75 14 25 19 77 86 28 23 7 52 5 95 6 88 99 9 72 66 64 80 44 35 83 73 89 85 42 59 84 54 20 76 3 37 50 0 48 12 92 26 49 
49 26 30 29 44 21 2 66 7 41 0 36 37 11 38 56 69 79 27 13 88 3 42 52 91 6 96 60 99 63 97 24 64 33 58 80 70 54 57 83 65 50 93 17 62 73 9 53 4 22 95 51 78 45 67 76 82 55 59 46 10 15 40 19 14 68 72 23 32 39 75 8 81 84 12 34 43 35 25 77 28 87 1 89 90 61 20 47 94 85 31 92 71 16 48 18 5 74 86 98 
12 45 69 91 64 73 62 82 68 66 30 0 16 19 5 33 52 80 14 75 63 95 8 67 89 36 4 1 18 76 51 50 78 49 97 96 39 42 54 2 25 99 47 93 6 92 61 57 53 26 90 85 35 79 74 27 10 28 29 88 24 40 98 17 71 46 37 22 55 38 70 32 43 59 58 81 65 23 31 60 44 9 15 86 13 20 48 83 94 87 77 56 7 34 72 84 11 3 21 41 
70 86 92 71 77 55 20 39 14 67 2 52 64 45 34 7 69 63 33 16 68 6 38 18 21 23 29 54 57 85 24 99 17 51 37 31 28 40 60 3 82 15 58 19 25 26 46 62 90 35 27 78 47 66 97 43 79 1 61 8 36 83 72 53 41 0 44 80 12 11 9 5 49 30 81 22 10 91 65 42 75 96 93 13 94 87 89 50 76 98 74 73 48 88 56 95 84 32 4 59 
30 87 90 98 63 54 39 16 18 11 41 1 92 88 32 20 45 66 84 6 68 2 64 43 25 0 73 27 79 17 46 95 89 42 47 4 59 74 83 15 13 5 53 34 8 57 21 22 19 81 26 3 55 77 33 60 51 29 86 65 12 36 44 38 62 97 9 80 67 70 78 85 52 14 75 71 56 72 37 48 76 50 99 7 23 69 58 96 49 40 28 91 93 31 82 35 61 94 10 24 
47 92 27 56 21 76 34 73 94 16 48 88 59 1 19 90 38 24 68 25 77 5 28 30 62 65 75 51 99 97 52 72 71 12 9 57 14 80 63 39 11 41 86 60 81 32 93 89 22 46 20 87 40 79 45 69 10 7 58 35 23 50 37 29 3 67 18 8 15 55 84 43 78 64 2 33 54 83 53 91 49 85 31 6 42 70 66 36 96 82 0 61 44 98 74 26 95 4 13 17 
48 72 15 94 23 43 30 36 44 18 40 70 39 62 28 49 32 93 38 21 10 89 17 3 6 24 61 25 35 71 99 56 5 34 13 27 9 91 20 60 53 33 84 64 11 88 76 37 82 29 66 83 45 96 87 50 54 79 51 1 57 86 77 92 4 74 81 42 59 69 31 19 55 26 95 16 46 58 65 22 97 47 73 85 52 8 98 12 7 67 2 80 14 68 90 41 0 63 75 78 
83 46 94 70 37 91 13 77 60 64 40 48 95 22 86 6 69 52 62 2 35 42 81 14 25 9 41 58 27 1 87 71 82 45 30 4 39 61 74 90 32 57 49 72 20 99 7 31 85 19 24 21 12 67 75 54 18 59 34 84 73 36 17 55 78 63 33 43 98 92 0 8 93 68 56 51 3 10 29 28 76 66 79 47 23 5 89 80 44 50 11 26 15 53 16 96 88 65 38 97 
16 80 21 77 24 47 31 13 74 71 42 95 27 87 32 73 33 52 2 28 78 57 46 61 84 23 5 7 8 14 90 79 4 48 12 69 55 3 68 82 93 62 30 65 45 64 0 39 43 10 19 99 29 75 81 17 1 76 60 20 97 66 85 58 53 88 83 11 35 41 6 44 22 72 49 86 59 92 67 96 36 38 70 98 26 54 34 89 40 51 94 50 18 37 91 56 25 15 63 9 
90 57 47 75 36 8 56 11 91 77 5 51 93 35 96 52 25 29 34 14 88 99 66 41 81 54 64 39 80 60 13 32 70 82 31 95 19 72 84 33 55 38 18 94 12 3 98 4 44 20 68 10 45 69 15 17 42 87 1 2 67 79 59 23 85 62 7 74 83 27 63 30 97 78 16 71 49 46 92 21 65 28 40 50 37 24 86 26 76 48 22 61 58 43 53 89 9 0 6 73 
54 43 31 59 73 38 83 67 84 14 30 68 17 2 70 56 58 50 86 81 62 29 69 90 21 1 40 74 88 34 94 0 41 95 92 42 27 46 12 71 6 55 19 15 33 11 63 53 82 24 75 16 96 47 44 80 93 37 72 66 35 77 78 26 52 10 48 79 23 25 51 5 32 13 64 3 28 76 65 57 9 91 20 61 36 8 39 98 85 60 4 18 22 45 7 49 87 89 99 97 
49 88 81 64 21 10 9 17 5 26 44 89 31 19 57 13 97 36 40 92 75 67 80 20 53 47 24 78 11 63 72 23 87 2 74 6 29 93 50 83 51 48 16 90 38 69 94 18 27 56 96 91 62 45 7 15 41 71 70 77 52 86 76 54 37 68 32 1 43 12 35 22 30 82 79 59 3 33 73 25 28 8 99 85 84 58 46 95 42 65 55 61 14 60 39 0 66 4 98 34 
59 32 53 12 44 90 20 83 98 58 22 76 8 52 61 63 50 29 46 51 73 30 28 11 49 45 0 89 23 70 34 75 81 95 96 43 14 80 64 86 31 27 47 6 16 60 84 42 88 40 79 5 71 35 1 62 78 72 25 56 66 65 13 7 41 33 36 10 39 48 68 4 15 82 55 18 9 26 3 24 91 92 67 57 21 2 54 19 17 74 69 93 87 77 94 99 97 38 85 37 
22 28 84 60 43 65 54 25 1 15 31 9 39 68 69 61 71 50 74 78 82 19 41 48 42 21 11 18 45 87 99 30 92 23 47 6 83 26 2 62 94 12 17 79 67 91 8 24 53 57 34 27 29 66 75 96 33 76 52 77 7 14 20 73 10 44 13 36 98 5 63 70 89 80 95 0 3 4 59 40 35 49 85 86 46 81 88 90 16 38 58 51 37 55 56 64 72 97 93 32 
0 68 66 20 56 36 64 49 39 1 85 82 12 45 46 59 8 71 47 28 13 10 99 61 18 5 19 30 42 86 72 31 93 76 84 55 96 26 48 27 81 25 34 41 83 73 4 74 7 9 38 40 53 37 54 51 52 6 32 29 90 50 69 87 79 57 91 95 89 60 88 78 44 98 62 15 17 11 65 75 58 23 92 35 97 21 67 63 22 14 16 70 43 77 80 33 24 94 3 2 
47 34 13 39 15 84 81 40 17 19 23 0 24 30 74 48 49 97 35 42 12 98 72 2 26 28 54 73 29 31 4 75 86 57 90 44 53 46 76 38 9 20 71 95 99 96 64 65 18 88 37 85 16 10 21 1 92 58 62 41 25 11 69 60 52 66 5 68 67 82 33 93 22 70 27 91 79 3 94 87 77 45 56 50 89 78 55 43 6 51 80 63 59 32 7 14 8 83 61 36 
69 44 84 55 12 68 15 80 30 93 3 24 67 41 4 18 26 53 92 74 87 48 91 72 86 29 56 31 20 52 63 5 6 82 10 79 11 38 57 76 23 13 58 14 75 27 32 8 90 33 2 65 61 77 64 50 60 98 36 96 73 0 54 66 71 78 42 88 21 85 22 1 45 16 94 51 40 43 89 19 46 83 95 7 59 97 25 9 99 70 35 39 28 49 47 81 37 34 62 17 
41 21 29 61 70 97 62 42 18 28 68 83 96 71 86 54 74 72 2 79 43 24 37 80 3 34 84 78 95 76 17 77 9 57 50 73 49 39 12 32 22 92 51 14 10 75 0 45 5 16 31 59 99 27 98 30 33 87 93 55 66 48 64 35 15 19 65 69 13 67 56 88 94 20 46 23 63 40 6 52 90 58 1 85 47 81 44 60 25 26 4 91 8 7 11 82 38 89 36 53 
3 55 62 78 2 38 1 68 88 75 48 10 26 73 15 63 76 5 69 42 92 64 80 83 85 43 89 86 49 7 77 34 45 28 56 22 24 29 23 36 52 58 19 81 44 25 72 50 51 59 35 17 82 31 53 94 91 96 37 14 95 97 70 46 66 54 47 57 9 16 93 30 74 11 0 67 99 79 12 18 6 90 84 98 39 27 87 4 33 20 40 13 61 32 8 41 65 21 60 71 
10 57 64 90 73 28 86 43 95 46 80 56 32 59 37 15 89 39 82 13 60 25 99 91 52 47 42 68 53 51 7 76 29 9 36 19 98 21 18 8 58 55 96 11 22 77 61 24 41 1 94 2 48 62 88 27 33 84 40 54 49 35 17 3 87 4 75 97 71 69 70 92 31 81 6 30 0 34 72 5 26 93 74 16 44 66 65 14 78 79 67 85 63 50 38 23 12 20 83 45 
22 26 66 73 69 7 53 1 68 59 0 83 58 63 79 81 4 97 75 47 6 86 54 40 61 49 17 23 13 96 55 27 3 32 87 35 30 78 14 74 72 42 11 43 80 91 98 28 99 88 15 52 18 16 9 10 90 56 8 34 2 89 85 62 29 33 94 20 92 31 77 70 76 5 25 71 24 37 82 50 12 44 67 93 64 95 84 38 39 19 36 57 51 65 48 60 21 46 45 41 
96 45 97 78 93 37 56 74 27 36 23 70 71 48 95 63 52 84 80 86 94 26 64 77 31 59 67 82 22 99 60 50 68 46 87 53 51 35 32 39 10 66 38 6 41 3 43 11 81 9 57 90 88 40 21 65 89 15 17 44 29 62 85 83 69 34 79 42 76 1 18 72 54 24 28 5 58 55 73 75 49 7 8 14 92 61 20 98 13 16 2 12 25 33 47 19 4 0 91 30 
26 65 53 58 7 95 40 54 44 19 30 96 43 79 69 55 12 46 8 73 45 34 35 70 60 76 39 61 48 89 90 5 41 6 27 83 3 22 51 2 21 36 50 84 25 72 52 18 20 67 24 29 63 9 85 71 57 49 10 38 14 62 0 17 97 31 91 98 4 1 23 75 33 80 94 92 15 77 28 99 56 82 42 86 59 93 47 66 32 88 13 64 16 11 68 78 87 74 81 37 
9 25 90 39 40 10 11 91 34 88 21 17 56 36 75 51 20 64 42 37 47 43 26 87 8 4 12 82 14 61 62 69 48 49 38 78 57 50 45 84 81 5 93 7 18 15 30 86 98 23 33 77 74 70 35 27 95 67 52 41 66 16 24 94 65 59 96 55 89 32 31 0 97 60 58 1 73 19 72 76 83 85 92 2 29 99 71 28 13 80 44 79 54 46 53 3 68 22 6 63 
58 83 72 8 47 85 87 53 37 51 3 52 49 76 73 11 31 0 44 82 4 26 62 92 24 60 84 33 34 80 23 94 79 18 86 75 2 12 74 36 97 67 64 1 77 35 54 90 10 21 71 45 20 65 15 28 68 43 98 48 6 66 39 32 27 81 16 69 14 59 99 61 50 57 78 29 42 7 5 17 70 40 9 22 19 30 55 41 88 63 95 91 46 25 56 13 89 93 38 96 
11 53 36 85 16 76 92 39 26 77 46 98 54 41 74 44 22 64 56 50 62 63 23 51 37 3 43 12 58 35 80 97 61 79 91 17 24 47 9 45 30 49 38 69 33 20 81 6 10 42 55 94 48 84 73 71 72 99 93 89 59 34 27 67 87 28 29 18 40 88 7 86 13 68 83 52 57 31 1 75 5 19 32 21 60 66 4 82 8 96 78 25 90 95 0 65 2 70 14 15 
12 96 1 18 80 47 97 65 21 82 17 50 68 39 75 70 15 54 76 6 44 66 13 43 20 34 14 23 46 63 67 9 60 71 88 36 92 5 93 27 91 48 7 22 10 31 83 87 30 84 69 45 53 72 19 52 55 98 37 16 56 61 40 64 8 3 11 26 41 73 58 78 79 24 86 99 28 25 32 62 90 81 33 77 57 95 94 74 2 59 85 49 51 38 42 4 0 35 89 29 
88 60 57 54 62 34 8 61 45 3 2 27 14 74 80 35 81 92 72 9 20 47 96 4 48 73 83 50 87 23 7 28 79 91 77 33 66 52 44 99 29 56 31 59 30 5 18 36 67 12 58 68 70 94 13 78 40 26 55 86 10 16 51 84 11 6 22 69 21 37 1 25 85 32 17 82 97 0 98 24 90 38 53 46 19 43 39 76 95 15 64 63 75 41 65 71 42 93 89 49 
84 41 38 63 48 27 22 34 75 46 69 35 57 39 82 5 64 42 21 24 78 23 18 86 54 80 1 9 65 66 87 68 10 76 14 72 30 55 37 98 51 28 12 92 25 7 58 45 62 11 91 52 0 61 77 96 6 40 97 2 94 56 29 60 59 95 3 47 17 83 79 81 85 93 53 89 49 32 4 19 90 88 43 16 70 26 13 73 71 33 50 67 99 15 31 44 8 74 36 20 
27 68 34 13 55 28 98 44 20 70 73 30 43 25 58 62 15 17 77 93 5 12 41 90 67 38 51 92 31 0 46 9 33 79 76 36 50 47 84 78 14 91 18 64 85 71 72 69 52 74 88 24 22 94 60 32 26 39 1 75 61 95 63 3 40 53 8 16 49 7 81 19 37 57 56 42 29 35 2 54 82 21 96 4 6 97 80 89 23 87 11 83 66 99 59 86 65 48 10 45 
3 11 98 25 78 56 53 95 1 4 86 75 90 6 74 58 5 49 34 10 82 84 8 26 52 40 70 20 42 97 72 91 19 73 36 23 87 68 63 45 51 47 24 18 79 48 54 65 94 12 85 41 96 14 28 69 55 67 15 29 66 7 99 44 0 31 59 61 33 43 77 76 93 27 71 83 13 80 9 35 64 16 57 17 21 50 62 88 37 32 92 30 89 46 2 22 39 38 81 60 
87 74 56 95 33 93 14 18 73 32 50 89 92 25 43 31 59 16 70 3 65 23 12 38 45 94 99 44 62 58 67 8 30 48 75 66 72 52 63 57 5 49 35 42 28 19 69 26 53 6 97 84 82 68 27 60 81 36 47 39 46 4 71 54 86 51 1 2 61 79 98 80 55 13 21 83 9 0 76 64 77 41 96 34 85 91 11 17 37 15 40 22 29 24 10 88 78 20 90 7 
82 24 3 20 35 40 22 8 49 32 50 71 92 39 55 98 26 63 78 37 2 91 44 85 67 21 43 16 33 87 95 66 58 27 38 51 11 76 89 57 28 10 4 54 68 46 14 60 69 17 45 6 25 84 34 9 99 62 74 83 36 42 31 29 86 7 56 19 59 15 88 18 72 41 30 61 13 97 5 70 94 23 1 47 12 80 52 48 96 90 93 0 77 64 79 53 81 73 75 65 
34 67 37 58 24 51 86 7 41 46 9 26 88 33 36 92 30 10 73 6 11 39 42 72 25 95 23 74 70 99 5 53 56 93 90 96 54 50 18 80 47 68 57 20 91 62 85 60 3 12 17 1 22 21 55 77 8 82 45 28 94 38 71 98 31 0 52 66 78 65 49 44 83 81 27 64 97 15 32 48 59 16 35 29 13 43 75 63 40 4 69 2 14 76 84 79 87 19 89 61 
36 95 51 71 87 74 88 85 25 31 30 41 73 1 82 72 38 2 96 24 39 10 8 5 99 58 33 19 61 7 64 4 48 56 81 0 63 47 40 11 44 83 98 60 50 54 23 76 34 68 62 46 15 92 32 66 55 52 42 57 29 79 17 26 35 18 59 6 43 75 84 94 89 97 78 13 93 49 70 90 86 21 12 77 80 37 69 28 20 53 27 14 65 67 22 45 16 9 91 3 
57 61 14 22 5 46 84 42 83 59 63 23 86 56 9 70 3 47 90 96 88 73 34 7 74 58 79 53 19 36 18 99 38 94 45 76 1 6 44 92 26 91 64 24 81 37 52 4 82 33 69 89 39 16 15 87 71 30 20 65 41 51 62 77 25 29 93 66 27 40 32 60 49 98 54 95 55 31 10 0 72 35 68 85 43 80 28 17 78 48 12 13 2 67 50 11 8 97 75 21 
44 59 52 0 63 3 21 50 41 20 72 5 76 57 88 49 38 4 84 68 47 22 51 17 18 99 85 37 16 71 25 90 32 91 83 45 7 42 9 67 79 35 34 28 95 80 54 36 15 19 1 8 65 24 69 56 10 61 86 93 82 60 64 6 77 94 89 73 81 27 46 48 96 33 29 92 55 11 43 23 26 31 98 30 2 39 13 66 97 78 74 12 58 14 40 62 75 87 70 53 
77 20 18 85 62 63 33 39 98 28 92 88 34 29 87 14 79 21 37 40 46 84 24 42 83 61 80 69 81 71 56 47 65 96 52 86 36 12 90 41 22 43 95 58 91 9 53 64 76 35 60 75 13 32 93 74 72 54 5 23 45 0 99 50 73 67 25 2 26 59 57 17 30 3 19 27 4 44 16 7 38 82 6 10 55 31 11 68 78 94 48 97 1 66 15 70 49 51 89 8 
16 48 22 65 88 27 98 49 45 33 21 55 64 53 62 41 25 96 47 59 40 30 10 72 9 24 17 39 5 84 51 7 37 44 46 12 18 31 15 74 29 34 77 95 79 36 73 58 50 56 43 35 3 23 63 57 2 82 83 69 70 91 4 60 97 78 1 86 14 19 81 26 85 71 75 87 66 42 80 76 92 99 28 8 90 32 61 94 67 52 54 0 93 38 20 6 89 68 13 11 
4 68 88 72 26 66 41 85 77 16 58 78 65 44 76 52 60 93 97 14 94 75 40 98 30 35 84 36 87 43 10 61 79 38 64 67 96 45 82 59 49 22 25 69 9 33 29 6 28 46 39 21 51 31 0 86 15 90 37 20 48 71 42 1 83 47 92 12 62 8 99 55 3 32 27 7 24 54 80 13 70 17 57 18 34 23 95 19 56 5 11 74 2 91 89 63 50 73 81 53 
62 66 58 19 39 8 91 56 87 22 79 93 68 18 83 25 64 97 20 27 12 60 37 44 45 2 96 63 50 71 28 47 6 95 88 43 80 33 30 81 74 94 24 7 90 10 65 21 75 23 29 55 4 57 82 76 48 53 15 1 72 14 5 99 89 17 86 35 51 42 31 77 13 26 49 16 34 0 67 69 52 92 36 11 59 85 61 9 38 73 78 98 54 41 32 46 40 3 84 70 
52 60 66 20 95 96 46 21 38 18 98 50 67 99 97 32 36 14 3 71 63 57 86 0 27 62 59 44 68 88 33 61 87 29 19 1 77 4 11 85 76 56 90 15 49 47 42 81 10 12 89 72 2 30 7 13 41 58 70 48 65 16 28 64 51 5 84 53 23 8 74 26 78 55 9 39 93 37 22 91 73 92 6 83 31 35 54 80 40 43 94 82 24 69 17 34 79 45 75 25 
76 40 68 15 67 98 26 5 71 83 97 43 9 33 92 7 21 11 79 13 47 41 58 3 24 74 65 6 25 59 89 64 38 18 39 46 63 96 70 30 94 62 42 72 19 45 28 12 69 37 34 1 16 86 8 4 75 36 52 87 35 10 53 93 85 80 29 51 31 48 99 95 90 23 91 66 49 32 55 14 17 44 61 27 82 56 81 84 22 60 2 57 50 20 77 0 88 78 54 73 
33 66 40 24 70 3 29 82 88 90 30 38 78 69 86 16 31 73 53 81 20 19 39 35 83 87 59 0 76 52 46 32 51 48 49 54 7 26 15 4 45 95 72 75 27 89 84 17 58 57 1 80 23 94 93 56 98 77 41 43 21 2 10 91 34 65 13 67 8 85 74 64 9 79 25 6 50 47 97 60 71 12 37 44 18 5 55 63 61 92 68 11 36 22 42 99 14 96 62 28 
0 39 58 31 52 36 12 71 26 6 89 84 7 21 77 35 73 4 22 32 64 27 49 91 13 62 40 75 8 25 33 69 10 50 41 86 30 56 74 63 1 93 2 80 48 79 43 99 85 37 34 81 47 46 66 44 17 72 61 65 70 83 9 67 97 59 5 98 60 14 78 87 38 53 3 95 90 18 15 20 96 76 55 11 24 88 23 16 94 42 51 19 92 82 28 68 45 54 57 29 
78 53 37 6 62 63 55 11 79 40 15 25 50 42 56 64 68 47 66 99 5 71 27 21 73 12 43 34 80 22 39 92 89 18 84 8 38 10 83 23 24 98 1 77 30 76 54 90 74 51 59 4 86 61 7 20 81 60 95 9 82 17 16 48 93 91 3 13 14 46 72 96 44 97 41 85 52 94 75 67 69 87 29 70 28 33 19 58 49 88 2 0 26 65 57 32 36 31 35 45 
51 57 29 80 88 99 73 89 43 22 79 39 77 35 53 45 96 85 1 63 66 56 98 34 61 16 41 11 49 36 90 21 94 12 20 42 3 97 25 71 84 6 14 27 74 10 64 9 5 26 93 78 95 59 7 17 92 30 48 54 75 55 86 23 70 68 58 76 87 50 67 24 0 72 37 4 81 15 91 82 47 33 69 60 44 8 32 83 19 65 18 38 40 46 62 28 52 2 31 13 
46 16 40 34 10 78 23 3 28 20 83 22 30 14 59 15 73 70 60 53 98 19 65 55 68 58 81 85 93 0 44 2 72 90 37 36 27 94 51 63 64 56 7 77 24 96 79 97 82 38 18 42 61 26 41 25 5 71 8 31 9 47 4 33 13 1 21 80 54 6 91 12 48 57 52 32 49 84 76 92 11 74 69 62 45 75 88 89 67 99 50 66 29 95 86 39 17 43 35 87 
41 90 57 21 36 18 48 49 88 51 96 95 53 55 43 16 9 0 11 3 77 30 6 92 62 69 33 63 81 39 20 71 26 65 5 12 25 61 37 74 56 87 7 73 72 98 99 27 66 70 52 14 19 50 44 67 22 2 31 47 82 86 42 79 93 28 58 35 32 97 4 29 68 13 76 46 75 45 24 17 8 85 80 89 40 38 64 54 94 59 83 78 84 91 15 1 60 34 23 10 
78 71 68 56 15 87 33 9 24 89 12 5 7 73 43 10 6 84 4 18 54 11 45 59 31 50 23 58 22 57 2 46 94 92 42 38 82 60 65 93 39 0 49 40 66 88 16 80 51 55 27 1 99 37 36 74 91 19 29 85 86 75 62 13 34 35 90 14 95 52 79 44 3 67 72 30 53 70 63 8 81 47 83 32 96 69 41 20 48 64 77 28 97 26 61 21 76 25 98 17 
52 49 25 71 7 38 40 65 56 92 75 48 82 26 67 79 13 27 73 11 62 20 16 55 29 70 96 89 24 94 86 10 88 1 84 72 66 64 31 15 36 95 33 21 39 0 45 34 80 59 68 44 6 32 85 3 14 91 74 78 61 63 2 5 19 35 76 28 9 37 58 83 93 43 30 50 18 98 23 90 60 97 12 4 81 54 42 46 41 51 8 99 69 87 57 77 47 22 53 17 
5 15 51 70 6 74 37 30 65 64 50 68 0 35 71 82 38 96 9 81 55 72 29 89 36 56 99 54 44 17 75 66 84 73 34 87 95 86 24 2 53 79 20 28 26 60 32 63 11 27 85 45 22 76 21 49 8 78 59 77 33 40 41 92 47 48 7 52 10 57 58 23 18 90 80 67 83 42 61 94 1 98 62 13 25 39 93 31 16 12 88 4 46 97 91 14 3 19 43 69 
40 47 15 59 21 0 85 95 49 8 46 45 68 25 43 64 20 72 5 17 94 16 36 19 39 80 31 66 13 89 69 29 61 83 99 90 27 32 1 52 53 44 50 23 92 60 73 88 51 65 4 12 55 28 6 7 84 48 24 93 63 33 54 75 11 14 79 18 77 22 10 35 98 81 67 41 76 74 71 70 3 37 42 86 34 2 9 38 56 58 96 30 57 82 91 26 78 97 87 62 
70 21 13 40 74 69 91 42 37 12 86 85 84 1 79 34 27 97 95 2 87 47 7 17 4 89 54 59 50 0 81 8 25 22 63 31 77 35 26 29 16 24 48 38 45 90 39 78 94 33 23 82 14 88 66 6 52 44 56 65 98 3 75 96 10 57 28 19 80 51 41 71 61 43 11 68 62 93 55 83 73 20 49 36 60 46 99 5 53 18 32 92 64 30 58 72 67 9 76 15 
44 39 51 17 15 71 59 6 53 60 27 4 8 95 31 62 2 14 25 5 83 47 33 22 90 16 35 85 64 87 88 7 23 97 54 99 80 21 96 34 42 52 36 18 66 3 63 65 67 45 56 81 94 58 68 43 26 61 78 48 70 82 79 92 12 1 73 74 29 46 91 10 55 86 76 38 50 72 20 9 77 75 84 0 69 89 93 37 40 49 24 11 30 98 32 41 28 57 19 13 
9 62 91 80 83 49 77 37 52 5 3 30 58 59 22 65 60 53 14 43 47 36 96 50 26 85 10 92 70 1 29 6 11 28 42 18 41 86 88 25 27 34 61 63 54 24 71 13 87 21 7 69 66 46 73 33 31 15 40 19 55 51 75 38 76 94 90 48 79 39 16 8 93 12 81 84 82 45 67 72 35 0 17 32 99 23 74 4 64 57 44 95 20 2 97 78 89 98 68 56 
22 96 72 35 34 54 1 89 33 12 64 98 14 27 73 71 17 88 13 29 16 15 19 11 65 56 80 50 51 43 20 57 66 49 62 92 48 36 91 31 44 42 28 2 97 21 59 90 76 61 3 32 26 47 84 7 60 95 58 37 94 0 45 77 6 87 30 10 25 93 40 52 46 99 79 53 82 78 18 24 8 41 67 38 63 81 69 39 4 9 83 74 85 75 5 70 86 68 55 23 
71 97 68 91 45 46 85 2 88 63 53 47 13 36 77 76 18 50 74 83 78 87 75 79 38 24 25 72 60 33 7 10 98 58 95 37 84 96 81 65 22 51 20 86 32 1 70 41 49 16 19 42 57 15 39 99 52 29 8 44 28 82 73 6 55 35 9 12 3 94 31 34 14 23 43 21 5 27 4 92 69 59 54 89 48 80 11 62 93 56 67 30 64 40 61 66 17 26 90 0 
78 58 39 11 1 12 86 14 7 97 6 23 64 20 67 16 3 32 52 33 24 9 92 95 37 18 72 5 62 40 57 22 81 31 29 96 71 21 26 15 51 75 98 88 77 46 25 68 50 36 99 94 93 84 60 35 0 47 38 55 34 79 45 90 73 19 61 69 66 48 41 2 53 54 59 44 13 56 28 43 80 82 10 4 70 49 42 76 30 91 65 89 27 8 83 87 17 63 85 74 
82 23 85 39 6 62 97 11 10 66 29 78 86 51 77 83 67 43 8 63 98 94 20 88 13 79 30 49 44 96 48 32 9 84 46 76 55 65 27 64 52 14 25 19 50 37 90 38 15 2 54 68 61 81 87 91 75 99 0 74 47 53 93 28 80 3 56 60 33 12 89 16 69 45 31 41 26 92 70 24 59 4 34 40 1 95 17 7 18 42 73 21 72 58 35 22 5 36 71 57 
49 93 58 80 66 61 35 75 62 10 8 42 77 18 24 7 1 69 25 43 39 29 70 5 56 16 12 28 34 76 68 40 78 74 19 44 53 20 14 90 64 26 31 91 55 82 73 3 47 81 50 52 85 9 41 36 79 54 11 92 15 17 89 57 45 46 30 37 13 22 94 98 63 99 2 97 33 32 38 84 23 48 27 0 4 60 59 95 87 83 96 65 71 88 21 86 67 72 51 6 
36 78 10 90 26 12 11 13 72 17 89 6 91 31 80 61 74 73 15 97 70 42 50 9 19 84 30 24 62 14 58 65 93 94 4 56 63 69 48 2 57 77 76 85 8 68 54 40 75 28 79 67 34 96 33 35 82 18 66 60 1 27 87 3 20 92 64 86 29 25 95 44 88 52 71 55 53 43 45 5 7 16 99 51 81 47 32 98 41 38 23 49 37 46 0 21 83 22 59 39 
53 77 29 61 91 45 8 90 10 57 67 86 69 41 32 15 43 3 89 27 12 64 46 19 33 1 99 87 62 55 71 26 81 63 47 13 84 18 2 59 51 31 88 52 79 73 76 35 68 94 14 22 4 75 49 20 93 82 70 98 30 50 58 60 95 97 0 16 66 80 78 24 21 42 7 17 34 56 36 92 40 83 23 11 9 85 38 39 72 28 5 25 96 54 74 44 37 6 65 48 
32 65 42 38 72 93 2 89 56 68 31 43 90 95 52 19 74 59 97 44 94 73 92 29 14 70 45 15 1 86 53 61 6 98 85 20 23 4 99 71 39 26 0 25 34 13 22 84 27 3 33 7 17 5 36 48 67 69 11 76 79 55 49 58 10 82 12 81 51 47 41 16 66 54 8 35 30 21 78 91 96 37 60 63 28 9 62 40 88 64 83 46 50 80 77 57 87 24 75 18 
83 85 1 56 60 39 15 81 18 73 72 33 96 0 45 19 90 99 77 8 54 16 71 92 62 61 36 89 76 43 48 50 64 74 13 69 91 57 27 5 29 94 58 28 25 82 46 6 3 49 47 17 70 80 2 52 32 84 31 55 87 75 9 30 26 23 66 95 44 37 93 10 78 86 4 35 12 53 38 21 68 51 11 88 24 42 34 14 20 79 22 59 65 63 98 97 67 41 40 7 
60 89 71 3 2 6 59 11 37 27 23 94 39 51 36 74 67 87 85 25 45 43 35 49 84 73 9 40 20 76 18 91 90 54 82 53 22 64 4 55 86 62 15 14 70 93 26 66 10 38 58 1 97 99 69 41 98 88 83 56 31 52 46 48 21 79 92 8 65 75 13 81 16 17 42 30 72 33 78 50 5 29 80 68 19 28 32 96 95 34 57 77 12 0 24 7 44 63 61 47 
42 81 2 28 35 1 62 88 74 53 7 26 50 51 18 12 93 44 75 48 65 31 22 16 24 55 6 79 86 67 9 27 58 63 85 25 57 21 0 49 90 54 66 92 82 68 8 19 59 3 37 41 32 64 30 36 43 91 5 83 94 96 23 14 17 80 52 73 47 76 72 60 40 95 71 38 78 99 97 29 70 20 98 33 15 10 87 77 4 45 13 34 61 11 46 39 89 56 69 84 
85 62 91 80 55 44 93 49 27 31 24 38 42 65 32 37 45 67 15 5 26 98 81 6 75 48 29 52 94 41 28 39 7 22 87 97 20 73 19 34 68 50 90 82 57 64 66 92 59 83 99 86 8 2 72 96 63 89 3 11 30 13 95 25 18 14 36 84 10 0 56 88 78 61 17 43 58 40 23 69 46 60 16 71 21 53 51 1 33 74 54 79 70 12 77 76 9 35 47 4 
79 70 18 44 30 8 95 73 47 90 32 62 82 85 42 41 83 71 48 52 72 36 17 5 3 98 19 76 13 96 60 40 34 84 77 31 74 91 75 15 99 66 4 23 51 20 2 55 21 9 61 54 39 27 63 10 59 0 93 16 49 94 7 22 1 89 81 29 56 37 50 65 45 78 68 53 14 11 69 80 57 28 12 33 92 35 38 25 86 87 88 46 64 26 43 97 58 24 6 67 
57 12 63 24 37 36 43 84 14 13 56 51 26 76 45 47 33 22 85 23 0 69 77 17 52 71 16 18 68 96 20 30 92 42 32 11 35 1 61 66 10 88 73 54 60 28 29 34 98 8 44 74 15 82 91 31 97 78 81 4 50 27 80 67 48 93 87 3 58 49 2 65 64 62 86 94 99 6 79 38 40 46 9 5 53 39 72 95 89 70 21 83 75 90 55 41 25 59 7 19 
97 62 46 17 75 4 83 70 93 95 59 79 37 10 24 69 33 23 82 42 63 54 11 22 2 92 60 53 81 21 88 67 58 49 8 3 99 85 64 20 45 74 30 65 5 86 66 16 61 52 9 29 94 35 55 15 26 40 71 89 1 34 78 27 56 19 84 98 39 57 48 77 6 12 87 51 73 13 96 76 90 44 72 38 0 25 47 36 32 43 80 91 50 41 14 68 18 31 28 7 
24 74 53 51 80 17 19 73 85 96 39 62 38 70 82 69 64 1 99 45 75 12 8 14 2 87 66 10 46 49 9 57 94 52 65 18 63 30 35 11 50 77 97 88 41 25 3 23 95 48 6 89 47 13 76 61 71 43 15 4 86 72 84 27 91 79 32 90 22 60 44 0 36 81 26 7 83 28 29 21 34 20 42 67 93 31 58 40 56 78 33 98 55 54 5 16 37 92 68 59 
10 97 31 73 49 14 23 3 94 88 12 15 65 22 4 21 80 79 8 74 43 75 37 32 56 99 38 91 59 20 77 90 82 34 84 41 64 16 53 0 58 51 18 44 55 19 48 66 29 26 54 87 52 95 61 85 35 46 36 47 33 86 83 70 5 69 39 72 42 9 13 6 71 89 93 67 45 98 62 60 68 40 50 7 1 27 17 81 11 63 96 76 30 28 92 2 78 57 25 24 
72 33 25 20 89 92 30 54 32 47 63 53 44 36 9 82 39 88 4 29 45 81 27 1 95 93 57 7 41 26 99 13 48 19 52 2 10 49 51 3 12 97 84 78 76 85 65 24 61 31 15 96 23 62 37 8 50 60 69 42 68 40 14 70 67 35 91 11 58 43 73 77 74 46 6 83 87 59 5 55 79 94 38 18 90 71 34 56 17 66 0 75 98 22 16 86 21 64 80 28 
22 68 69 80 42 20 58 13 33 9 30 54 29 4 79 67 98 14 62 73 2 83 96 32 43 25 15 70 26 6 47 46 44 76 12 31 5 56 88 28 57 90 49 63 93 95 91 50 92 81 34 18 19 8 77 41 39 36 48 94 72 89 71 37 16 84 27 21 60 82 99 10 59 65 52 74 78 64 97 66 7 17 87 85 35 51 3 23 86 1 0 38 75 45 53 55 61 11 24 40 
56 0 70 55 39 19 34 13 8 73 96 36 69 27 59 72 21 24 49 63 66 5 64 68 42 91 65 74 50 51 46 77 11 18 94 76 40 31 29 82 80 23 10 99 30 45 93 67 6 38 47 12 87 83 79 44 15 35 54 58 48 43 71 61 95 62 81 16 78 14 28 85 3 7 75 89 33 25 92 26 98 52 4 37 1 41 2 84 88 90 97 9 17 22 20 60 86 53 57 32 
16 78 23 38 15 57 92 51 0 31 84 40 97 22 64 24 10 54 55 76 77 88 81 7 71 73 27 98 63 56 70 8 41 79 25 12 67 52 49 20 59 43 69 87 1 50 48 53 95 85 21 5 19 3 26 93 86 68 62 96 83 34 32 14 35 58 36 4 82 90 2 47 91 18 99 74 61 29 44 13 30 75 9 72 39 89 94 65 6 11 28 60 66 33 80 42 46 17 45 37 
0 82 71 68 67 59 81 65 2 86 77 91 85 26 51 4 20 3 16 32 90 30 94 93 22 53 11 45 1 96 63 79 60 49 61 15 44 75 17 9 5 83 57 80 8 37 33 36 18 10 19 46 89 54 52 78 21 97 13 55 6 70 27 58 28 74 76 43 84 14 38 73 47 64 88 56 92 39 12 42 34 7 50 99 66 72 62 95 23 48 24 35 25 41 29 31 69 87 40 98 
88 30 91 51 8 34 50 25 17 28 78 76 71 84 74 64 5 89 58 9 95 14 55 1 37 54 32 70 83 62 66 7 2 92 16 23 52 31 90 15 6 26 13 45 81 77 29 85 39 44 68 20 3 94 41 82 98 33 48 57 63 0 75 59 19 42 93 97 56 61 40 38 49 4 99 22 80 67 73 21 12 79 72 96 11 27 53 36 60 43 87 35 24 10 69 86 65 18 46 47 
37 35 6 29 64 13 90 80 34 58 8 27 72 31 25 5 10 96 94 3 70 39 26 82 95 44 9 97 19 42 71 16 0 61 59 32 76 83 81 33 84 46 65 2 21 18 74 98 50 45 69 99 89 17 62 79 75 23 78 1 86 49 36 66 53 40 77 12 93 57 4 48 52 22 47 24 88 55 85 7 43 73 11 68 28 38 14 30 92 63 91 41 51 20 67 56 54 87 60 15 
44 34 77 2 41 87 68 35 59 26 29 73 10 78 88 24 5 55 85 98 61 18 8 80 62 89 21 83 43 39 58 76 7 95 54 99 94 33 67 57 74 65 12 81 9 14 3 90 23 49 16 42 37 36 17 31 53 28 32 0 92 70 48 22 52 82 38 45 1 56 4 51 50 79 13 86 71 27 66 40 72 11 20 60 91 96 46 64 69 47 30 97 93 15 84 19 75 6 63 25 
41 51 99 92 27 7 83 96 42 49 84 15 34 54 78 65 77 74 4 44 9 95 36 55 76 62 64 26 50 40 73 79 12 58 33 67 86 85 71 80 72 8 29 56 87 88 35 52 60 25 18 46 20 39 10 6 70 69 28 31 63 98 21 93 57 24 53 38 2 97 0 89 68 16 19 61 45 3 81 5 43 91 47 13 90 75 11 66 14 23 32 22 82 48 59 94 37 30 17 1 
30 98 77 63 48 19 65 69 51 13 95 97 38 74 7 35 47 34 60 23 64 61 58 50 90 59 43 85 81 62 86 82 93 73 41 16 20 53 84 2 76 91 49 42 31 94 99 32 68 79 70 39 1 78 24 10 6 26 17 67 3 89 66 57 80 55 56 75 72 25 5 88 18 71 9 11 46 87 29 83 44 8 36 4 15 92 14 54 96 22 0 40 12 52 45 33 27 21 37 28 
40 49 96 27 45 80 82 39 43 51 54 91 62 87 12 60 31 93 98 73 72 28 64 97 68 53 25 3 4 44 42 19 15 7 9 58 66 52 1 83 63 2 29 38 85 35 32 57 86 26 11 84 5 99 81 17 76 6 90 48 0 34 10 69 46 67 94 92 89 33 47 95 22 56 18 59 14 50 41 55 70 8 77 75 30 20 61 24 16 65 23 79 36 13 74 78 88 37 21 71 
36 49 26 78 34 65 56 40 37 3 59 77 8 95 29 73 82 42 51 43 79 27 7 90 98 23 13 39 81 44 19 14 85 67 24 45 16 71 28 33 41 22 76 11 55 5 53 93 89 96 35 63 52 84 75 83 58 4 57 68 10 86 25 94 70 80 2 12 18 54 87 99 1 88 60 92 64 17 61 0 48 9 20 15 21 69 46 62 66 38 6 50 97 74 91 32 72 30 47 31 
69 59 21 41 92 39 50 93 16 4 22 70 43 25 30 74 6 15 97 3 86 96 5 89 18 27 45 57 77 24 42 66 11 26 78 19 72 9 62 61 12 82 54 73 38 32 14 51 20 17 34 44 81 56 10 87 37 8 91 67 80 95 1 47 90 63 35 60 0 76 65 99 79 84 88 52 94 98 36 58 48 85 71 46 31 29 64 68 53 55 75 40 83 28 23 7 2 33 13 49 
89 70 83 65 39 82 11 47 95 27 24 2 88 26 55 10 23 46 3 92 61 74 33 12 50 20 17 18 49 75 37 60 66 13 43 48 4 91 28 6 35 84 69 72 5 68 76 94 56 99 36 29 71 98 93 16 67 22 30 63 51 7 96 77 64 38 81 85 0 1 14 21 53 42 44 57 15 54 59 86 8 31 62 45 52 79 58 40 87 41 97 80 25 73 19 78 90 9 32 34 
39 74 67 48 18 37 90 42 65 23 93 17 34 73 2 62 68 60 1 58 10 85 77 64 49 25 24 43 70 21 98 47 32 84 92 69 87 59 30 54 22 27 79 41 16 95 5 29 45 12 11 66 89 83 36 46 6 81 97 53 94 14 91 4 78 63 82 51 61 3 57 13 76 7 9 31 26 75 50 40 20 56 80 38 99 33 19 52 71 28 44 96 0 8 15 35 55 86 72 88 
30 35 41 3 86 13 36 65 33 5 7 72 61 70 0 84 8 17 48 25 43 66 93 59 26 94 80 99 24 2 85 54 15 10 51 47 16 21 1 71 34 91 6 88 69 83 22 40 68 14 90 74 56 38 67 9 78 89 23 95 60 18 92 58 12 11 44 39 87 31 77 45 63 96 49 79 20 64 42 29 27 98 97 32 55 57 75 53 46 52 82 62 81 4 50 37 28 73 19 76 
42 15 19 57 32 39 99 94 73 28 59 47 26 96 55 49 38 33 16 30 37 58 0 5 66 22 97 70 82 77 6 61 9 17 44 12 48 88 1 41 21 29 20 46 8 23 40 2 43 76 10 78 92 87 86 89 85 71 69 65 84 72 95 14 27 4 56 64 80 90 31 53 35 11 52 34 79 54 25 7 60 75 62 63 74 36 93 50 51 91 18 45 81 3 68 67 13 98 83 24 
67 69 81 18 68 10 37 7 35 56 31 29 98 30 53 28 43 78 1 66 50 55 74 21 62 52 94 32 72 27 58 17 73 44 38 75 0 34 97 60 76 85 91 23 4 22 39 79 9 82 57 90 93 88 20 96 48 99 47 8 14 2 71 5 42 86 12 83 36 6 16 46 95 70 92 26 3 11 61 15 40 45 25 77 80 49 19 24 13 87 64 54 51 41 84 89 65 59 33 63 
58 89 92 2 67 9 40 41 78 77 30 62 86 1 98 83 42 44 21 7 45 59 37 73 49 13 47 10 28 95 76 3 11 6 48 82 53 90 39 26 68 38 5 16 74 99 88 75 12 54 65 22 61 91 81 97 20 4 96 66 51 55 57 94 32 14 46 64 72 25 60 50 70 87 8 52 0 24 27 71 17 36 56 33 80 85 93 31 43 15 35 23 69 79 29 63 18 34 84 19 
97 77 73 4 68 60 16 99 98 21 45 30 59 84 75 49 56 69 94 64 96 67 26 86 10 85 63 3 14 29 62 17 61 36 55 44 41 34 23 12 82 31 13 95 22 28 54 32 2 70 24 58 9 71 87 66 88 76 80 42 57 81 38 50 72 78 6 40 35 53 18 93 91 19 8 20 7 43 15 5 90 47 83 27 33 0 37 46 11 1 74 89 92 39 79 51 25 65 48 52 
48 90 70 23 73 57 71 41 45 58 59 3 18 5 51 72 21 54 2 33 66 92 17 12 7 83 96 22 56 25 44 37 42 9 52 69 34 68 64 30 94 6 50 99 89 76 63 24 82 36 20 14 31 40 4 74 78 88 87 15 98 55 43 13 93 86 85 16 29 28 47 39 67 77 81 1 62 19 84 8 53 91 11 95 75 65 61 27 26 0 38 97 35 10 80 46 49 79 60 32 
75 91 86 33 66 2 80 55 56 39 93 54 21 63 50 14 82 96 70 92 47 38 48 72 43 41 22 10 34 83 78 49 99 52 17 60 84 25 15 31 26 16 28 18 9 76 8 97 87 11 71 4 37 62 81 6 61 59 88 53 13 19 51 27 3 98 23 24 95 85 45 69 68 29 89 58 0 44 42 5 90 73 67 65 35 57 32 12 36 40 94 30 20 64 1 79 7 77 46 74 
65 13 66 20 94 85 96 41 19 2 55 34 26 76 52 23 58 56 69 35 92 68 42 90 87 21 36 47 60 49 29 53 98 38 46 59 37 51 82 73 44 1 84 4 95 6 9 80 83 71 62 33 72 91 75 28 50 11 64 77 54 30 70 97 24 31 27 25 67 74 63 16 32 99 22 8 43 93 5 39 10 0 45 61 48 14 57 12 15 79 88 78 3 40 17 7 86 89 81 18 
35 53 81 3 83 62 99 11 61 90 20 33 57 87 96 78 41 52 79 73 92 42 27 25 17 47 1 39 40 68 66 54 38 28 13 72 19 43 31 98 60 89 9 56 36 50 44 55 63 5 85 0 8 76 6 48 30 91 49 12 14 75 32 18 15 2 64 67 45 46 29 65 16 93 88 26 34 97 70 51 22 77 23 7 94 80 21 74 69 10 86 71 82 24 58 84 37 4 95 59 
76 34 29 30 2 81 56 15 87 31 78 99 11 19 55 7 82 8 67 41 13 80 24 83 37 91 65 98 94 14 0 40 20 39 3 21 42 52 36 96 10 26 66 48 74 35 84 45 5 38 59 88 17 92 71 50 97 77 43 9 16 32 86 51 63 61 33 73 90 58 49 47 64 53 79 85 93 4 75 72 69 57 28 1 18 70 22 68 54 62 6 44 89 60 46 25 23 12 95 27 
17 41 10 77 56 89 40 24 22 87 88 99 7 26 53 44 81 2 20 54 14 31 37 63 51 86 67 64 97 6 34 61 47 84 70 92 96 91 1 16 93 42 15 11 38 83 85 13 5 65 90 29 55 48 60 74 76 30 21 27 12 59 18 0 52 94 19 36 73 9 71 46 75 80 25 39 82 43 95 68 69 78 58 66 45 28 79 4 62 50 3 35 49 57 33 72 8 23 32 98 
