101 100
45 40 72 83 46 58 41 35 68 88 38 76 96 97 48 12 69 71 10 61 84 95 21 62 14 63 23 49 28 31 51 13 93 81 44 26 74 5 64 43 0 18 11 99 55 34 24 50 37 25 52 66 19 92 33 2 17 70 86 100 1 65 75 53 8 20 42 87 59 36 73 32 90 16 98 79 6 78 54 85 80 4 39 30 77 82 94 29 60 3 91 27 7 56 47 22 57 67 9 15 89 
97 90 16 7 72 62 40 53 31 11 75 61 0 68 9 27 19 70 93 13 35 39 79 44 100 20 45 54 84 52 60 10 88 73 21 51 69 34 1 38 28 49 86 92 71 76 8 42 32 4 63 67 83 3 46 22 89 30 37 25 99 85 18 91 59 15 2 43 95 66 14 58 81 77 41 96 56 29 94 36 64 87 74 24 55 65 33 50 98 82 48 47 12 23 5 26 57 80 78 17 6 
24 68 36 49 9 77 26 52 4 6 51 94 7 70 30 20 75 76 11 5 34 56 28 89 100 14 10 86 91 61 27 23 25 80 78 38 50 79 44 93 87 92 15 32 64 98 46 8 0 37 67 45 29 74 35 39 83 99 48 41 84 17 82 63 59 72 22 57 47 54 16 66 21 95 90 33 40 96 65 12 42 85 43 58 18 97 55 1 19 53 81 73 71 3 62 69 31 13 60 2 88 
48 38 10 82 32 45 55 65 33 13 41 15 90 93 28 26 23 95 86 43 66 56 72 12 98 79 31 8 51 44 70 60 83 58 25 88 73 71 67 63 4 80 74 1 69 9 22 27 50 6 47 30 49 19 68 7 91 75 76 87 11 42 61 18 92 57 0 52 59 99 84 20 89 97 36 37 34 53 78 77 85 96 81 5 21 94 29 62 24 35 39 40 54 17 64 100 14 46 2 16 3 
45 10 29 42 18 72 77 41 62 54 67 73 64 2 79 96 98 85 65 8 83 34 84 94 44 49 60 19 78 37 27 40 63 82 97 61 7 6 57 4 70 55 48 52 22 24 75 5 66 0 25 56 81 36 3 14 16 58 30 51 53 15 39 26 31 95 68 13 1 32 33 69 47 50 74 80 76 100 20 88 21 9 92 87 90 46 11 28 89 86 43 35 12 38 23 99 91 59 71 93 17 
34 37 47 17 12 74 59 77 39 48 4 63 14 5 25 15 88 92 32 65 20 3 75 87 40 96 22 95 13 78 6 56 51 99 35 33 57 19 100 7 9 60 68 76 11 30 8 1 83 85 28 98 26 54 89 44 50 91 61 2 23 94 72 21 71 93 16 86 0 42 58 43 45 80 36 66 69 10 53 31 62 64 81 18 41 46 67 29 27 82 70 90 24 79 97 38 84 55 52 73 49 
12 89 68 58 53 19 1 99 100 81 82 27 34 33 80 78 20 28 98 61 11 2 31 15 50 25 92 43 94 64 29 45 66 88 13 7 37 71 39 44 69 21 59 41 83 17 48 10 49 63 79 23 16 76 46 56 90 32 4 91 65 35 6 85 70 14 72 54 0 87 77 75 47 30 60 84 93 42 40 74 55 26 52 18 96 51 62 67 24 22 3 97 57 95 5 73 38 86 9 36 8 
65 88 53 95 93 64 38 24 46 58 20 85 1 80 9 76 56 97 57 25 99 82 66 6 90 12 16 35 23 87 91 70 17 21 34 55 79 15 2 54 72 78 84 48 27 74 14 83 73 81 31 22 96 92 86 100 41 10 32 61 33 3 4 59 26 77 63 75 30 94 49 45 11 36 44 37 51 89 19 62 7 0 39 47 13 50 8 40 69 68 29 98 28 67 5 71 60 18 42 43 52 
62 40 47 57 55 89 72 85 69 11 82 7 0 52 12 77 13 100 60 48 84 97 83 96 54 56 1 59 99 50 25 26 80 17 21 67 39 49 66 41 46 98 76 18 20 19 87 95 4 16 29 8 15 88 61 51 24 92 30 45 90 5 71 9 35 70 22 75 74 81 36 14 94 93 23 33 58 44 79 32 43 91 64 34 3 28 31 27 53 86 6 68 42 73 63 38 37 10 2 65 78 
1 7 48 16 14 30 58 86 96 80 33 3 23 32 75 65 41 98 47 21 42 95 28 50 61 70 49 22 46 92 89 37 83 94 26 93 79 51 2 87 10 38 54 35 18 76 45 88 81 15 19 69 77 5 34 85 97 56 59 8 27 4 99 78 40 31 24 12 57 25 44 74 17 36 84 100 60 6 72 68 9 11 52 39 63 91 43 67 55 62 13 71 73 29 20 53 90 0 64 82 66 
43 71 64 23 0 5 17 3 36 19 78 40 79 97 85 62 30 25 14 2 95 10 22 77 92 44 37 1 86 66 96 35 94 32 99 61 20 54 47 68 63 72 82 41 88 29 59 51 24 4 42 93 65 89 34 70 91 52 18 100 15 60 87 53 80 49 6 7 38 57 9 11 69 83 84 58 50 13 45 12 75 33 16 8 73 27 39 31 48 90 74 98 76 67 28 55 21 46 81 26 56 
61 43 28 79 24 56 9 73 20 84 36 62 48 15 47 60 70 51 12 34 71 26 54 1 25 75 49 11 92 33 78 88 94 14 58 74 5 21 13 46 69 97 0 44 23 2 68 83 66 95 6 22 86 41 32 10 67 4 85 40 77 45 63 7 35 30 93 100 52 81 82 55 98 38 31 72 29 65 76 37 64 42 19 16 87 17 3 99 89 90 59 8 80 18 50 53 91 57 27 39 96 
22 49 26 83 64 46 30 11 98 86 29 15 59 55 1 0 34 95 42 20 85 14 19 67 100 13 31 81 61 68 78 2 80 62 54 57 36 60 71 21 12 5 53 82 8 9 38 72 76 69 27 99 10 65 58 91 73 74 17 24 6 87 7 84 66 32 41 50 63 40 39 93 3 89 88 25 16 96 48 44 97 43 75 79 4 45 90 47 18 33 94 51 37 92 56 77 28 52 23 35 70 
37 98 51 36 54 81 16 44 25 67 34 18 82 12 74 85 75 21 19 10 20 92 24 3 2 47 64 96 99 1 86 68 39 61 72 78 8 13 38 32 0 22 7 76 69 57 42 62 87 29 55 58 97 90 50 35 23 45 6 4 95 31 84 79 63 73 41 88 52 28 17 5 59 26 43 70 30 14 80 15 46 49 48 27 89 66 56 65 53 11 60 93 94 91 33 71 40 9 100 83 77 
45 81 54 100 44 75 99 61 93 69 6 23 56 84 57 62 58 78 40 9 16 90 86 41 94 18 68 96 48 87 4 13 37 71 32 8 31 10 97 51 70 50 66 74 19 67 91 14 5 27 25 2 17 0 82 63 46 95 21 92 85 36 89 60 38 53 72 80 26 73 33 83 43 47 76 20 59 49 98 24 7 28 3 34 35 65 55 77 39 64 88 22 42 30 52 29 15 79 11 1 12 
24 11 69 97 83 99 75 25 57 28 53 95 3 50 43 48 80 58 92 79 1 56 68 23 46 37 33 39 22 9 5 14 34 93 72 67 66 65 0 64 84 51 19 2 10 18 90 71 8 20 26 59 44 15 52 98 7 32 81 12 96 49 61 88 35 41 85 38 77 4 82 60 78 13 55 91 54 6 70 36 17 100 74 16 63 29 86 40 73 31 76 47 87 30 94 89 62 27 21 42 45 
81 96 40 11 75 86 42 17 55 22 7 15 29 65 18 92 85 80 63 93 66 19 44 45 94 10 51 4 72 64 13 56 49 88 5 60 58 35 53 12 39 37 48 6 25 62 73 82 41 84 59 31 23 32 36 83 14 54 98 87 33 78 76 0 16 95 70 27 1 77 99 28 21 9 46 34 67 8 20 47 30 69 79 90 68 89 91 74 2 57 3 38 24 71 52 50 26 43 100 61 97 
45 25 37 98 96 34 99 16 11 20 49 90 74 57 6 73 36 97 13 83 54 32 79 14 42 80 93 40 44 81 85 48 95 39 70 8 86 69 61 9 64 100 82 27 92 24 87 56 72 18 77 5 21 47 59 17 67 66 78 28 30 91 7 43 52 71 22 63 3 10 53 23 26 88 55 4 75 29 51 15 76 33 65 60 68 62 2 31 1 0 19 38 12 46 89 50 94 35 84 58 41 
7 5 72 80 26 57 55 76 62 18 77 61 32 67 56 37 48 44 68 19 90 41 0 96 42 64 10 65 8 99 13 69 83 71 34 29 63 74 21 45 40 17 66 20 50 94 24 98 30 14 58 43 27 51 60 87 46 38 85 4 11 73 2 78 59 28 47 70 89 23 53 6 3 97 75 36 33 81 82 49 52 100 86 91 95 1 92 12 39 22 9 88 15 54 84 35 16 25 31 79 93 
41 12 89 79 56 75 29 85 90 52 74 35 15 21 95 54 97 9 62 51 11 22 91 2 47 65 92 49 24 46 53 45 93 4 25 77 3 64 86 80 34 59 26 60 99 37 38 63 13 57 58 27 5 76 78 70 96 73 17 82 84 19 33 42 36 98 50 10 88 6 69 32 40 55 68 8 67 48 23 87 66 1 30 31 28 43 83 71 81 18 39 61 20 0 72 94 100 14 7 44 16 
22 36 56 81 17 55 80 65 20 72 79 29 99 97 82 53 60 47 85 21 57 34 51 75 15 42 10 28 16 48 59 73 78 30 68 90 9 98 2 67 89 45 35 7 54 38 1 84 61 77 6 86 52 62 76 0 93 74 44 5 58 43 31 25 14 32 19 4 37 94 3 92 46 96 13 71 39 49 12 33 40 64 95 100 11 66 27 69 91 87 8 88 18 24 63 50 23 26 70 83 41 
20 69 96 16 40 32 88 0 8 5 51 84 1 44 25 92 43 60 13 24 3 75 10 89 48 73 54 63 30 45 27 37 35 61 55 14 67 41 22 64 97 66 57 28 91 42 11 83 99 6 93 38 46 78 72 65 59 68 23 29 50 34 7 58 33 62 31 39 85 18 90 87 49 21 47 53 81 36 9 100 17 77 95 19 52 15 82 74 76 79 94 56 12 70 80 98 86 26 4 71 2 
52 47 1 30 54 93 31 34 56 77 79 20 98 43 33 59 57 11 16 12 82 68 48 75 7 26 37 94 72 55 45 97 58 39 2 65 50 25 27 89 92 14 86 100 5 60 84 66 53 22 85 9 96 6 90 23 99 83 41 69 63 95 29 15 28 46 38 61 8 3 67 0 70 35 40 80 18 17 81 87 19 88 49 91 64 76 51 73 71 32 13 42 10 4 24 36 44 21 78 62 74 
21 91 93 54 25 62 16 31 71 83 38 3 70 51 53 76 81 67 84 14 66 46 69 50 32 64 33 72 8 23 65 47 52 74 90 73 60 28 30 80 0 5 39 79 97 22 48 95 18 19 4 6 49 58 45 13 44 35 78 12 56 26 7 59 41 20 17 89 63 15 9 34 29 94 87 61 10 36 40 42 82 43 1 57 92 68 99 55 96 24 88 77 86 37 11 98 2 75 27 100 85 
86 80 49 52 40 46 2 14 13 4 64 68 5 22 88 94 12 76 24 62 85 30 91 51 74 67 17 20 89 60 59 90 33 43 35 84 39 38 97 72 70 82 63 25 32 26 100 3 78 77 36 50 81 27 93 69 98 65 45 44 34 54 83 99 1 9 58 37 75 55 18 48 73 16 87 96 19 92 42 56 47 95 7 11 31 57 53 28 21 66 71 79 29 61 23 15 6 0 8 41 10 
3 54 85 98 92 75 5 78 42 61 1 31 77 70 99 6 76 67 59 38 9 65 2 14 94 82 62 21 47 40 8 90 4 29 96 10 72 22 17 74 45 39 89 37 26 28 25 33 52 50 44 91 63 73 53 13 19 15 95 7 48 60 55 84 83 27 0 79 49 88 43 35 93 11 41 87 20 64 56 32 24 80 23 97 57 100 86 68 30 51 12 16 18 58 71 36 66 34 81 46 69 
36 86 5 10 84 68 90 91 31 53 44 58 8 60 83 30 20 88 72 61 59 15 96 33 97 22 49 0 38 46 23 65 81 18 28 51 56 3 93 57 87 24 37 27 95 16 74 29 69 34 21 4 76 12 50 52 71 43 7 54 62 11 67 32 55 2 92 94 79 47 89 9 39 85 17 45 78 6 82 13 26 64 40 99 19 63 48 35 80 73 42 66 41 1 25 70 75 98 14 100 77 
34 39 66 23 44 4 49 33 0 90 57 13 60 31 55 96 32 67 27 17 76 83 45 21 30 10 54 18 79 38 91 19 56 64 93 80 1 29 41 84 35 12 11 22 58 20 14 46 88 26 7 68 52 5 16 50 98 94 53 81 99 42 9 77 47 71 36 89 43 15 61 69 95 73 70 62 40 65 8 24 6 37 51 28 86 59 92 97 72 74 100 75 25 87 85 48 78 2 3 82 63 
81 37 59 71 35 64 66 33 100 11 24 28 3 86 70 89 96 60 34 90 74 61 13 5 25 48 47 4 14 41 23 32 98 42 97 54 62 10 15 36 1 18 72 9 80 67 43 40 51 39 91 7 76 63 49 92 78 46 17 38 12 21 68 82 8 87 56 77 83 69 29 93 65 73 20 2 30 57 44 84 45 0 50 6 94 75 19 53 79 26 88 27 55 52 95 22 99 58 16 31 85 
81 9 94 69 70 0 26 19 99 84 58 66 98 28 61 44 86 2 90 13 37 46 74 12 3 34 63 60 72 55 78 93 7 21 92 91 71 22 17 95 67 32 88 52 18 47 89 53 1 96 100 43 11 6 41 75 40 14 73 8 79 30 82 77 27 5 31 33 83 48 97 15 62 56 85 68 23 35 25 29 36 54 76 42 51 59 49 39 64 38 45 57 4 65 87 50 80 20 16 10 24 
81 30 52 15 39 55 74 53 38 34 84 94 100 5 29 86 44 43 32 72 47 13 50 7 23 54 75 79 89 56 20 14 88 73 77 67 93 82 25 87 2 91 96 41 76 28 58 18 51 78 11 70 37 0 48 26 27 98 40 69 63 49 90 24 9 1 8 31 17 60 62 35 99 46 64 6 16 68 80 3 71 4 12 61 33 92 66 97 10 19 57 45 95 83 59 21 36 65 22 85 42 
60 30 35 63 16 18 0 69 23 42 52 65 40 56 46 86 43 91 87 27 68 82 92 5 45 31 55 90 50 81 14 22 19 70 57 9 78 10 73 75 74 15 66 37 36 17 48 11 29 24 61 21 98 99 28 44 4 72 64 84 39 76 89 67 3 33 26 47 32 59 94 83 7 58 34 95 71 93 97 53 1 49 80 54 41 20 100 38 85 77 13 25 6 2 96 8 62 51 12 79 88 
72 60 56 73 17 54 82 90 92 45 81 21 31 12 87 4 29 63 15 37 49 47 84 38 71 23 34 97 43 42 58 48 74 99 19 33 70 3 6 61 65 40 50 85 39 18 52 67 89 1 10 16 14 13 53 59 36 75 57 7 51 77 9 96 91 26 78 64 46 35 62 28 2 25 30 79 86 83 44 98 11 80 8 100 95 41 93 76 0 22 5 20 68 66 55 24 69 32 88 27 94 
73 29 2 3 68 65 20 23 96 94 83 14 58 28 41 10 47 78 99 52 1 21 71 30 74 98 36 25 62 64 7 19 22 60 43 5 26 53 37 31 6 88 9 24 85 79 34 72 13 8 11 45 76 38 69 59 90 40 63 12 54 91 33 92 97 75 67 81 93 46 100 86 51 39 87 89 84 4 32 70 0 95 80 17 44 48 61 16 82 42 77 18 15 27 66 57 49 35 56 50 55 
90 78 82 72 33 14 99 6 36 24 35 12 86 31 83 0 48 28 64 47 30 15 89 17 42 53 81 32 26 65 45 56 25 22 62 75 63 21 73 34 68 60 69 16 57 80 41 9 3 51 97 85 10 71 8 91 67 18 52 29 55 44 100 38 23 40 1 13 20 49 66 4 74 92 11 95 2 27 88 50 70 93 76 87 96 19 98 79 37 46 39 61 5 7 94 77 84 58 43 54 59 
74 43 88 82 3 66 12 6 10 56 32 25 94 15 4 33 2 89 73 100 34 36 7 54 65 64 47 49 37 18 50 80 61 83 93 95 78 51 14 19 21 59 1 27 98 87 40 23 16 96 81 77 22 99 30 26 70 91 57 55 72 75 86 24 41 60 84 17 69 0 71 92 62 8 46 52 39 79 97 58 9 20 68 42 85 45 67 11 48 90 5 53 29 31 13 63 35 76 28 38 44 
98 29 15 35 7 31 80 37 55 14 54 45 84 73 30 33 76 12 62 47 48 34 6 95 2 65 11 50 17 41 0 53 25 90 5 18 96 91 1 94 93 81 61 52 49 16 28 82 66 74 67 21 13 39 56 85 70 19 88 24 72 4 43 9 59 89 87 100 63 42 38 69 78 8 46 64 57 60 10 44 68 83 36 40 3 99 23 86 32 75 79 77 58 71 97 22 27 26 20 51 92 
31 76 50 51 49 81 11 15 60 44 62 9 56 91 40 34 86 100 68 7 87 26 54 78 59 16 38 90 37 35 17 8 63 46 48 74 82 12 25 55 5 77 3 83 39 19 69 64 73 21 36 67 93 92 20 97 66 70 4 80 71 96 47 43 2 42 18 84 85 75 0 98 88 14 45 41 65 94 13 53 58 89 95 30 10 28 29 99 6 72 61 32 22 57 27 23 33 52 79 1 24 
87 35 75 31 95 55 48 39 79 12 89 88 100 53 46 93 40 41 45 63 30 13 23 77 91 34 20 78 47 3 56 21 18 61 60 19 33 71 4 38 37 81 90 14 42 49 1 17 68 64 43 59 94 73 82 51 52 29 24 74 36 54 83 69 86 50 6 98 2 76 67 5 10 44 8 80 22 58 7 0 92 70 27 84 11 32 16 28 66 99 65 62 26 9 57 72 15 25 96 97 85 
42 11 5 55 9 56 99 6 20 1 28 95 88 2 79 33 36 34 19 66 65 38 35 31 52 81 82 8 32 77 60 97 50 94 63 87 93 3 78 59 49 0 53 43 25 29 58 10 27 84 24 44 39 69 86 30 67 45 76 73 16 22 80 48 51 40 26 98 74 17 75 12 7 85 89 54 71 46 72 41 68 64 23 61 83 47 100 62 92 13 37 21 15 14 96 90 91 70 4 18 57 
20 1 93 95 77 25 72 17 40 13 56 79 99 81 44 55 22 82 87 96 98 26 35 84 45 15 67 23 12 8 66 59 68 61 83 21 58 89 69 57 52 43 2 30 75 47 91 37 92 31 70 36 39 41 46 14 29 0 4 88 10 53 86 73 48 42 27 3 16 76 63 50 54 19 78 100 33 7 97 90 65 5 74 9 49 71 51 60 11 85 18 28 64 24 62 94 34 32 38 80 6 
71 37 28 68 7 83 31 51 82 98 88 79 49 89 50 65 91 12 30 80 24 3 64 27 8 94 23 20 48 14 55 33 93 54 10 97 5 75 76 99 100 39 57 18 60 4 41 72 58 45 74 26 16 6 77 63 61 90 35 92 36 59 78 47 17 15 81 25 56 96 29 1 84 66 44 11 13 0 86 40 32 2 19 62 67 43 38 46 69 9 73 87 22 34 85 52 21 70 95 53 42 
66 51 95 35 62 88 5 53 64 60 17 57 7 39 34 67 87 24 27 75 23 26 93 16 45 21 56 13 83 85 80 15 74 82 3 25 61 12 71 38 73 84 76 68 86 31 43 78 70 92 32 99 72 11 37 44 6 1 19 90 47 91 33 98 94 18 30 79 65 42 0 59 54 69 40 96 10 100 55 36 29 9 46 14 77 89 8 63 2 97 48 4 50 28 81 41 20 49 22 58 52 
18 25 44 93 33 50 97 55 24 31 62 1 16 60 34 61 7 3 69 91 35 81 95 8 37 14 57 90 48 36 78 27 68 20 46 59 100 40 21 39 5 85 83 73 47 11 67 30 2 42 75 53 52 72 65 71 0 58 10 22 89 84 17 38 82 76 6 23 98 63 43 28 12 49 86 29 74 41 66 79 80 64 19 54 88 51 70 9 15 56 77 92 32 45 96 13 94 99 26 4 87 
72 23 34 3 36 21 73 64 96 26 5 31 91 78 61 54 25 41 48 84 68 63 4 43 49 47 51 2 50 19 12 67 93 18 44 38 14 57 76 60 80 83 30 77 9 10 22 75 37 39 33 20 65 8 29 69 97 46 79 82 94 89 42 7 17 59 56 53 92 6 45 0 55 16 74 87 70 98 40 32 88 86 100 62 24 66 28 99 52 95 1 11 85 15 13 35 90 27 71 58 81 
70 58 31 88 33 96 79 18 94 21 82 10 40 5 20 87 35 98 83 84 52 39 73 23 69 44 17 59 29 50 30 97 81 66 0 56 100 34 24 1 19 45 46 6 12 77 28 32 13 93 62 80 2 25 65 89 57 49 48 42 51 76 85 9 3 61 63 67 86 72 55 16 60 91 47 8 53 68 92 38 43 41 95 22 74 14 75 11 4 64 78 54 71 27 90 37 7 26 99 15 36 
32 51 31 48 72 80 67 97 10 82 19 87 36 12 30 46 11 54 34 1 40 93 58 0 91 38 44 99 2 15 16 28 77 86 88 95 65 35 3 7 33 9 41 42 14 84 55 43 56 52 63 61 100 94 21 6 79 47 75 25 18 78 64 37 50 17 69 26 49 89 66 24 45 29 73 27 96 59 98 62 39 23 20 71 68 85 70 83 90 92 57 5 81 22 60 74 53 76 4 8 13 
53 7 48 5 73 41 61 58 44 64 23 38 63 82 92 32 54 45 14 59 90 84 74 51 76 77 71 42 28 25 36 88 72 13 47 67 11 52 19 96 57 81 17 30 22 60 8 40 35 6 75 26 33 43 93 100 24 49 97 99 16 18 15 66 95 21 78 55 70 98 89 46 86 87 85 2 4 20 12 68 31 69 80 34 3 29 50 94 62 0 37 56 10 1 91 39 65 83 79 27 9 
83 47 49 45 74 40 59 66 81 34 53 46 32 76 17 19 31 9 6 82 48 26 56 54 69 87 89 22 67 4 12 51 57 36 62 80 18 78 98 100 28 24 55 37 95 35 52 16 97 73 79 29 11 7 13 68 88 20 30 5 71 39 33 43 85 41 94 99 44 38 61 50 10 1 27 21 96 8 63 93 58 23 25 72 70 86 60 0 14 92 84 65 42 77 90 15 75 2 91 64 3 
54 21 32 23 0 96 46 26 80 94 31 18 13 6 24 64 89 51 25 99 75 11 68 62 33 14 90 88 8 84 35 78 95 83 15 63 97 92 34 29 72 79 87 57 27 53 50 41 38 39 61 60 42 70 56 91 82 4 7 22 37 71 98 86 73 77 28 69 76 5 85 30 55 1 48 16 10 66 81 2 58 20 3 67 93 44 12 40 9 74 49 17 100 59 19 52 47 43 36 45 65 
69 99 81 96 75 13 54 94 18 93 98 4 84 63 89 31 15 22 72 79 36 38 68 83 25 39 17 62 88 74 19 29 64 87 40 77 21 59 47 80 24 58 32 0 73 71 44 45 51 43 56 35 41 49 12 27 14 8 23 10 6 66 20 26 60 92 5 95 2 11 53 70 46 57 3 37 82 9 16 52 86 34 1 97 50 33 65 90 100 76 78 28 55 30 85 42 61 7 91 67 48 
79 94 75 12 37 3 28 30 58 88 86 57 8 17 82 52 21 69 7 77 29 1 56 14 73 84 95 54 26 38 0 16 35 85 63 51 19 42 89 49 87 23 93 92 68 53 72 65 59 6 44 25 43 80 78 20 96 97 40 90 81 99 33 50 71 11 70 34 100 13 83 64 67 9 27 46 76 48 4 15 18 45 91 5 10 39 47 22 41 2 36 98 66 74 60 61 55 24 62 32 31 
75 79 97 53 1 16 71 34 91 86 17 18 7 3 50 51 47 68 81 37 82 66 54 55 41 65 60 29 73 87 0 31 15 80 43 76 10 21 13 32 85 88 26 23 94 12 77 19 22 2 98 69 83 45 67 100 72 49 56 42 96 84 40 36 33 57 14 64 27 99 61 20 92 62 93 39 78 11 58 89 4 9 35 70 74 63 52 6 46 38 59 24 44 28 25 95 5 48 90 30 8 
54 91 71 20 61 95 38 40 51 22 12 9 84 81 16 86 65 94 52 56 5 76 32 11 97 31 69 68 21 85 27 50 90 41 83 89 99 64 30 14 77 48 24 92 37 7 63 55 46 6 10 1 79 0 4 53 28 62 100 59 66 70 58 74 18 15 23 93 19 26 2 45 34 35 43 72 67 98 39 17 36 87 47 33 82 8 78 13 57 42 29 75 88 80 3 49 44 60 73 25 96 
60 11 9 39 58 41 26 87 90 99 34 46 96 45 62 13 65 59 32 100 70 48 4 33 95 23 16 84 64 94 40 20 61 47 7 63 72 53 93 15 88 98 8 69 31 21 75 79 83 97 54 17 67 6 12 38 18 89 81 37 52 80 10 73 76 24 3 0 25 57 49 2 19 77 74 78 1 86 82 85 50 66 22 28 42 27 92 43 30 56 51 55 71 44 29 35 91 68 5 14 36 
91 66 13 99 83 2 51 15 32 36 80 73 93 23 49 9 34 97 26 18 27 8 47 7 41 45 3 21 76 42 35 71 89 68 86 5 55 6 33 67 61 43 52 90 95 44 50 20 79 0 16 10 60 78 64 81 12 58 59 1 84 38 40 30 87 46 11 14 98 63 28 96 37 74 19 48 88 75 92 85 22 31 70 62 53 72 17 65 94 54 82 57 4 25 24 100 39 56 29 69 77 
53 60 5 30 31 36 20 75 48 54 0 88 94 28 97 15 64 50 80 32 17 87 82 43 33 42 51 18 72 13 2 57 14 24 96 58 12 92 49 52 4 21 56 40 9 16 73 84 55 76 44 68 6 27 71 91 29 70 23 100 35 98 77 8 1 25 45 89 81 95 34 11 93 22 65 63 61 79 67 66 7 83 62 99 90 37 19 69 10 78 46 41 59 74 85 86 38 39 3 26 47 
93 92 13 74 71 53 62 94 75 2 27 20 56 29 52 96 72 99 88 55 87 7 54 32 82 0 14 44 47 83 21 98 48 58 18 57 84 15 3 59 68 45 38 85 91 42 43 33 63 26 41 11 73 30 39 90 22 50 17 79 23 51 66 40 16 61 37 19 78 70 24 64 36 67 76 65 97 9 95 60 1 4 77 6 89 5 69 12 8 34 10 86 46 25 80 31 100 35 28 81 49 
75 7 56 22 52 1 12 91 4 19 2 71 67 32 48 27 57 11 43 72 61 25 97 100 33 44 95 37 92 50 59 15 3 5 23 18 24 65 14 36 60 42 89 87 66 16 34 29 88 30 35 78 76 39 84 45 10 70 17 47 93 46 54 74 26 83 51 40 55 68 41 0 79 62 73 69 6 21 96 8 49 63 53 77 38 90 9 85 13 20 58 28 94 31 86 99 82 81 64 80 98 
90 64 73 18 9 71 62 8 97 69 3 79 58 81 4 25 77 50 54 33 68 31 65 60 85 76 52 48 12 41 24 35 21 93 42 23 72 22 67 34 59 66 89 96 47 26 13 92 91 57 70 15 78 51 45 17 94 99 11 53 30 83 49 56 87 63 10 29 39 27 74 20 43 7 46 0 5 61 28 19 84 2 88 40 6 80 14 37 86 36 1 44 32 82 95 98 55 16 100 75 38 
82 74 14 43 66 47 4 31 89 37 70 3 76 93 23 50 67 10 52 62 53 69 28 86 100 21 5 1 42 90 19 57 59 91 2 35 9 12 49 39 68 41 16 32 45 29 55 25 73 83 27 44 92 85 34 54 79 58 30 77 95 80 15 17 33 81 72 24 11 60 63 61 36 18 22 51 0 46 6 78 8 84 48 65 98 56 99 96 26 13 64 38 7 97 40 71 94 87 75 20 88 
48 37 83 62 26 2 12 55 50 63 77 81 0 6 85 97 32 68 21 1 8 88 67 87 42 9 91 53 89 20 76 57 11 79 18 10 80 34 30 33 82 15 5 54 70 59 86 61 71 47 74 64 56 72 29 96 65 28 99 60 92 90 95 100 4 66 31 17 36 3 49 73 7 13 51 24 75 35 94 39 19 44 40 14 98 58 84 27 25 78 45 22 41 43 23 38 69 16 93 52 46 
26 16 4 68 67 54 87 15 64 82 49 74 89 30 85 36 72 98 66 42 65 51 29 96 50 5 52 84 61 2 97 39 34 70 25 7 13 9 99 79 81 28 19 1 43 78 41 83 59 8 53 47 92 69 48 46 58 95 57 22 56 75 35 23 91 76 55 45 88 20 3 93 44 60 14 18 100 77 94 80 27 21 62 31 33 17 6 40 32 86 12 37 38 24 0 10 71 63 11 73 90 
94 44 0 15 99 32 6 96 49 87 86 34 35 46 90 80 52 50 17 27 7 89 77 48 40 53 88 51 23 5 38 73 16 61 100 72 45 59 2 39 65 20 60 30 67 55 79 8 66 12 14 43 25 82 31 71 83 28 57 68 92 24 58 47 13 93 11 70 69 97 64 76 95 75 54 26 10 56 91 3 62 29 85 18 19 74 63 9 33 22 36 98 42 84 37 78 21 81 1 4 41 
52 30 34 66 73 63 77 39 76 18 71 11 91 86 29 60 88 49 98 61 50 62 84 89 99 16 82 68 21 96 69 23 78 28 2 57 80 65 38 17 8 24 75 97 93 19 45 55 22 53 58 85 26 36 33 81 14 100 79 5 40 70 12 51 10 54 15 87 56 59 3 32 74 67 72 94 41 0 25 37 43 83 1 7 64 47 20 9 48 90 31 27 46 42 95 4 13 44 35 6 92 
53 45 95 25 4 98 22 13 10 100 70 8 20 83 99 32 65 61 41 5 91 80 42 63 55 96 11 93 1 33 39 59 75 52 17 38 86 35 58 9 30 67 82 71 0 76 88 46 49 40 74 28 92 77 15 56 72 94 6 90 57 68 18 43 2 44 60 79 81 26 54 27 29 85 14 48 84 31 23 3 62 47 24 66 19 16 78 87 64 12 69 21 7 50 97 37 34 51 36 89 73 
34 60 91 6 17 54 77 61 45 2 37 40 21 97 68 29 12 86 49 20 88 4 7 96 39 90 27 85 24 10 44 70 19 16 93 28 94 30 48 71 9 63 0 79 26 47 76 31 58 22 55 81 51 38 13 83 67 66 5 98 87 73 42 53 15 65 33 99 78 92 89 64 80 75 56 25 32 36 100 59 18 41 62 14 1 8 46 35 69 74 52 23 84 82 57 3 72 50 11 43 95 
39 53 12 16 77 61 80 35 65 96 15 45 34 41 88 91 14 26 54 13 69 36 23 56 82 27 28 33 48 4 29 75 98 38 7 68 100 43 21 24 97 79 78 87 1 67 50 93 30 86 72 83 81 49 31 63 25 92 57 42 85 5 94 3 37 11 74 64 6 70 66 18 84 58 9 52 10 62 73 89 59 20 71 99 46 55 76 32 40 19 44 90 22 51 17 2 8 60 0 95 47 
59 3 73 100 15 41 8 16 1 45 32 47 60 58 13 76 96 5 24 89 42 20 71 17 82 64 50 23 95 2 80 38 11 68 27 31 12 57 70 40 37 85 87 43 62 55 26 97 92 52 90 4 19 22 30 21 28 0 6 51 61 91 75 69 18 53 33 9 63 39 98 49 72 10 88 84 36 77 93 65 66 48 7 35 46 34 94 78 99 81 83 25 56 86 14 67 44 74 54 79 29 
84 30 70 45 92 12 6 44 78 2 26 80 88 41 58 85 71 65 5 81 18 83 40 37 14 10 87 91 62 67 7 25 33 43 86 3 69 9 82 35 39 97 8 24 32 100 89 77 53 48 76 38 52 60 96 31 93 49 79 11 57 54 46 47 1 64 68 17 72 29 23 75 28 61 56 13 15 27 98 99 0 20 4 73 51 21 94 34 66 74 42 63 16 22 36 59 90 50 95 55 19 
7 84 14 77 35 80 37 20 18 91 71 73 75 19 51 23 22 62 3 74 66 68 27 47 21 83 61 82 65 70 45 90 49 54 48 5 85 100 32 96 4 6 38 93 87 78 98 57 43 64 58 31 67 1 76 44 52 97 16 88 99 46 33 55 40 12 8 60 41 9 50 15 17 81 89 94 34 86 11 28 36 10 53 13 56 72 26 29 42 79 2 59 63 69 0 30 25 92 39 95 24 
13 5 44 22 48 12 57 1 25 70 26 78 76 61 55 99 42 19 32 33 51 64 80 58 34 30 97 15 28 98 11 92 46 85 96 17 16 6 10 95 49 20 89 88 93 18 62 31 23 37 71 43 4 63 2 87 82 21 39 52 66 41 53 50 24 9 65 0 86 54 67 79 83 84 56 100 8 72 90 38 75 77 3 60 36 81 59 45 40 91 29 35 94 69 73 68 47 14 74 27 7 
78 79 52 64 27 81 42 70 53 82 33 10 37 68 94 95 40 77 97 12 1 93 50 57 15 47 88 14 86 17 69 28 9 84 32 6 25 43 87 55 34 62 20 38 75 51 89 72 56 73 19 92 29 41 22 26 48 91 35 39 31 90 11 45 67 21 0 8 63 74 54 65 58 59 36 83 5 71 7 16 60 44 100 99 66 96 4 61 2 76 3 23 85 13 24 80 30 18 49 98 46 
76 38 99 51 67 2 57 8 81 58 15 80 66 6 64 65 89 9 3 1 100 83 40 62 32 4 45 18 85 78 31 34 36 55 74 95 5 41 73 97 68 23 11 75 49 46 27 50 87 79 26 69 20 14 24 17 60 0 56 42 52 98 59 72 43 71 94 90 16 39 7 10 33 19 21 29 88 91 82 44 37 96 22 63 84 77 35 13 47 86 48 93 25 70 30 28 53 92 12 61 54 
24 55 32 97 10 83 42 43 30 40 96 21 48 89 9 0 33 1 2 67 59 85 81 98 95 80 70 14 27 19 17 100 93 13 46 65 91 60 26 74 4 6 87 18 20 31 39 82 15 28 51 22 36 7 66 3 45 29 8 88 78 73 77 16 37 92 71 53 11 61 56 49 23 50 57 84 75 54 25 62 79 47 63 68 94 69 90 86 5 34 38 44 12 72 64 41 52 76 99 58 35 
22 69 82 56 44 32 80 59 16 50 6 23 90 52 53 73 84 94 24 11 17 33 83 74 34 54 91 58 85 37 75 9 18 87 43 35 42 71 62 65 36 55 26 99 8 63 39 38 4 76 61 40 67 7 30 70 96 46 93 88 72 49 21 15 5 12 14 68 31 28 0 64 13 27 97 92 86 51 66 79 100 48 98 78 25 57 47 95 45 19 29 41 20 1 60 81 3 10 2 89 77 
49 52 61 28 63 55 67 24 31 91 3 71 29 100 1 45 58 98 38 66 34 57 0 23 20 40 53 43 73 60 79 32 94 78 83 64 74 85 4 70 11 48 81 93 36 41 96 99 2 27 33 84 25 82 56 10 88 92 21 59 9 95 22 35 80 14 13 46 18 76 12 19 50 51 8 68 7 17 97 15 5 75 90 6 26 30 77 65 69 16 89 44 87 37 62 72 47 54 86 42 39 
7 56 93 14 53 97 72 8 64 24 92 95 84 11 36 85 28 16 59 57 83 2 96 49 62 50 90 15 41 43 1 26 23 42 55 25 5 39 89 37 18 82 54 45 51 6 78 44 0 47 75 86 87 38 100 70 48 80 52 67 33 69 27 60 91 22 77 4 63 13 3 68 98 34 66 61 71 20 35 10 40 79 46 58 94 74 88 99 32 21 73 31 29 17 19 9 65 76 30 81 12 
10 15 95 36 32 72 70 21 16 77 53 85 92 74 38 75 17 73 62 69 27 24 37 8 67 61 99 29 89 23 90 31 35 60 88 94 56 9 49 43 71 47 22 54 1 63 41 98 57 34 40 84 86 64 68 13 0 97 66 3 19 14 59 4 18 20 44 11 79 52 50 80 51 7 28 82 96 58 45 78 33 91 83 39 55 48 93 5 2 6 46 30 100 87 76 65 42 81 12 25 26 
10 54 58 26 28 67 100 83 63 43 99 29 32 35 21 39 96 62 98 44 84 68 87 24 33 60 61 72 40 85 48 2 23 25 18 27 59 34 55 82 13 42 66 97 53 5 12 52 31 3 78 15 73 7 76 30 79 69 19 16 74 36 51 71 45 37 8 93 4 81 75 56 89 41 17 50 64 80 20 38 14 57 0 77 94 95 65 47 91 46 88 9 86 70 22 90 6 1 49 11 92 
9 36 92 17 12 7 44 83 43 64 82 49 51 75 78 1 21 47 63 69 40 77 11 53 0 20 76 24 61 72 32 58 89 84 87 3 33 5 73 80 91 93 66 37 54 16 55 56 74 70 67 19 57 42 86 13 52 100 8 81 10 34 18 85 38 94 35 2 62 22 68 96 39 29 41 45 46 6 59 88 71 79 50 48 4 23 97 26 95 90 28 14 99 25 98 31 15 60 30 27 65 
84 64 68 52 2 75 74 12 26 24 50 46 62 41 98 55 35 18 7 14 76 1 82 80 40 71 22 34 53 95 66 15 21 90 61 78 32 89 13 47 31 43 79 4 54 25 85 48 83 87 94 58 88 6 36 91 99 11 37 5 70 86 23 30 28 45 63 27 59 19 69 10 39 0 96 72 65 77 49 38 17 57 56 33 92 81 29 73 97 93 3 60 100 20 16 8 42 51 44 9 67 
27 78 40 93 36 35 31 19 69 30 38 18 91 98 79 51 86 80 99 82 57 12 97 10 9 67 94 7 47 33 68 41 45 2 63 52 62 76 83 90 3 50 89 17 23 44 43 95 71 4 37 1 81 20 84 66 24 0 46 15 88 16 5 60 72 13 29 11 54 61 77 8 6 70 32 92 14 22 59 26 25 64 42 100 74 49 53 55 75 39 73 96 21 34 28 87 58 56 65 48 85 
24 13 5 81 38 96 6 20 78 77 46 75 28 83 93 98 42 65 25 22 54 89 31 19 47 100 26 67 36 45 18 9 2 91 90 3 85 23 41 61 43 84 57 32 14 72 86 12 59 63 87 94 8 15 56 82 1 71 92 7 35 44 49 11 64 76 58 51 29 66 69 73 74 80 34 79 62 4 16 33 95 88 52 97 55 37 40 50 30 39 0 68 27 53 60 48 10 70 99 21 17 
67 71 30 61 68 46 54 42 77 70 66 57 64 87 84 35 76 1 58 0 44 95 41 38 97 69 92 47 93 96 99 62 43 75 10 19 7 73 89 3 98 32 40 86 8 2 51 34 16 23 100 88 56 5 17 9 83 15 12 82 91 63 48 85 36 39 49 11 28 20 33 37 65 55 13 6 31 25 74 90 52 80 50 78 18 26 72 60 27 14 4 21 53 81 59 22 29 94 24 79 45 
52 96 71 6 29 25 65 59 46 66 39 38 36 82 8 22 33 5 77 26 28 19 56 68 18 41 45 11 51 24 61 67 91 62 92 55 40 35 7 81 74 86 63 32 31 43 53 21 57 83 76 58 84 87 13 94 34 100 44 27 3 14 79 73 20 30 2 42 88 4 10 89 23 75 80 98 49 47 1 97 99 50 72 12 9 37 17 70 95 54 64 85 90 0 78 60 48 15 16 93 69 
93 9 64 34 63 89 51 82 18 61 29 70 60 56 47 80 16 21 68 78 31 14 97 11 33 36 66 69 4 25 1 74 67 17 83 73 98 96 49 3 6 2 90 76 42 88 81 84 59 28 35 53 19 38 50 20 5 71 37 100 26 85 23 65 92 52 27 94 99 46 91 15 0 77 55 87 40 48 7 10 62 58 72 12 22 95 41 75 13 30 45 86 44 32 24 43 57 39 8 54 79 
12 76 88 52 65 54 8 47 57 97 10 13 64 5 9 30 16 71 59 1 35 33 49 43 96 73 83 29 86 4 67 28 90 87 25 80 31 69 14 40 82 17 19 70 61 23 39 60 85 92 11 0 37 38 3 81 20 58 27 41 34 94 46 98 7 18 66 89 48 77 95 21 93 84 24 6 15 56 45 68 50 99 26 75 22 44 91 63 62 42 78 79 36 53 72 32 100 2 51 55 74 
44 11 27 31 81 19 79 71 8 17 36 20 13 85 62 75 26 63 5 43 16 66 33 15 94 39 4 67 69 34 70 30 74 49 91 99 72 54 52 18 83 64 2 57 14 55 86 35 24 6 87 76 60 0 7 42 10 3 98 59 41 65 84 90 45 68 58 53 88 22 61 23 40 12 51 78 100 93 92 73 80 29 28 95 21 56 9 32 37 89 50 97 77 25 1 46 48 38 96 47 82 
24 25 88 68 16 55 5 1 64 30 77 26 70 33 52 79 3 74 46 0 81 36 47 60 20 12 11 100 66 59 6 28 72 91 44 50 21 85 2 62 56 27 45 32 40 93 95 82 7 48 89 63 39 94 14 83 99 15 75 22 23 61 97 35 43 29 76 65 57 80 18 92 41 34 10 69 96 17 58 90 9 37 19 49 78 71 51 67 86 98 31 42 87 84 38 4 54 13 53 8 73 
62 38 6 4 12 98 15 42 77 66 20 57 19 52 69 23 51 0 27 39 45 76 59 9 73 36 33 75 40 8 94 88 16 47 53 43 65 100 91 60 70 26 24 1 50 78 81 7 34 99 25 86 90 80 2 17 58 44 48 72 55 89 71 11 21 93 84 64 32 95 74 85 3 10 68 41 13 5 82 28 54 22 14 46 61 63 87 29 56 31 49 67 18 35 37 30 83 79 92 97 96 
13 59 30 15 41 22 76 82 11 20 66 44 40 54 50 45 38 65 42 37 57 83 51 67 16 3 2 33 29 8 74 63 61 53 23 52 79 35 46 96 14 89 77 56 73 25 47 90 87 7 9 0 64 62 94 5 75 95 88 24 19 71 60 72 58 100 68 39 1 21 27 81 84 43 92 49 17 98 85 70 10 34 48 78 28 55 6 32 91 31 86 26 69 80 93 99 12 18 4 36 97 
57 43 10 79 100 16 5 21 18 35 24 20 59 91 62 54 69 23 60 49 37 90 97 95 2 93 76 36 47 65 7 50 77 19 30 48 64 6 83 74 1 28 53 51 72 89 33 66 88 67 15 25 3 71 8 80 75 99 34 27 44 70 22 42 45 41 61 26 86 46 84 29 87 96 63 52 58 38 14 81 98 17 32 0 78 82 94 39 11 13 92 9 68 31 12 73 85 55 4 40 56 
29 23 58 97 21 75 81 64 2 66 47 73 68 24 100 48 94 84 63 17 62 67 72 96 49 20 90 60 86 51 80 1 8 71 3 45 11 22 36 40 99 50 18 74 42 14 31 10 25 6 78 16 26 38 59 77 79 61 35 52 34 27 87 92 70 30 85 33 95 44 65 57 53 41 12 5 83 9 76 91 55 69 82 88 56 46 37 43 54 15 4 28 93 39 19 13 0 7 98 89 32 
86 39 75 62 24 70 73 21 28 0 43 49 18 99 50 5 69 94 90 22 59 77 91 56 96 55 2 47 79 58 30 12 20 7 40 13 68 80 52 38 65 76 100 8 4 53 15 82 63 32 84 23 97 25 71 35 67 93 42 10 44 33 19 83 45 46 16 34 37 36 60 31 11 48 78 98 88 6 92 41 61 74 51 14 3 87 64 9 85 66 57 95 26 29 81 89 72 54 17 27 1 
63 15 66 96 74 81 95 73 20 88 30 97 21 39 34 49 18 41 91 59 58 65 36 70 57 46 37 11 78 14 82 2 72 10 84 44 19 77 8 51 26 12 54 5 42 79 32 98 90 76 31 0 100 68 94 56 24 35 40 62 86 17 53 61 55 80 89 1 13 50 85 69 92 7 43 67 9 33 83 29 38 64 47 87 28 22 75 3 52 60 93 6 25 48 45 16 27 99 71 23 4 
73 41 8 60 0 92 82 45 54 34 44 25 69 13 20 97 2 23 24 7 47 91 88 50 3 75 58 21 18 64 100 15 35 74 14 65 84 6 36 43 85 77 16 93 53 87 89 70 10 99 39 63 29 31 83 40 5 19 27 96 67 51 28 90 46 38 95 81 52 79 49 80 72 12 22 55 98 1 32 76 78 30 68 48 11 61 33 37 26 17 9 62 4 57 56 71 59 94 42 66 86 
35 14 58 66 83 44 4 91 94 29 71 64 95 22 61 6 75 3 17 97 26 11 85 40 90 100 23 0 77 57 38 18 1 81 93 73 72 60 27 37 13 48 74 80 50 68 78 56 46 12 59 51 62 8 84 9 76 65 36 2 7 15 69 30 32 19 20 63 67 98 86 42 28 43 92 55 53 16 99 96 49 5 10 47 21 89 31 25 82 87 70 54 45 34 39 41 24 33 88 52 79 
75 70 33 6 9 76 39 18 11 24 74 66 93 41 92 13 19 29 23 46 31 28 37 67 25 80 99 20 63 65 100 44 38 58 84 17 83 7 0 96 87 77 26 52 36 2 21 16 97 53 98 4 81 89 35 5 56 14 78 59 1 61 42 47 90 91 22 82 72 60 62 10 40 50 30 27 64 79 94 8 54 73 3 68 86 12 32 51 71 49 88 85 48 57 45 15 69 95 55 34 43 
19 87 31 16 55 43 13 35 30 63 86 12 41 95 70 93 36 18 26 77 58 76 22 48 20 39 25 32 68 61 53 29 83 97 74 47 5 51 89 90 34 49 8 37 92 28 4 81 40 73 0 60 71 3 17 79 52 42 6 1 45 66 9 59 64 54 67 91 88 56 65 57 14 100 62 99 15 33 80 96 24 75 84 38 98 44 85 69 2 94 7 50 27 78 23 21 11 72 46 10 82 
