105 100
74 38 58 4 33 29 52 61 23 26 47 60 95 98 88 43 32 34 20 42 67 10 104 54 81 90 21 51 1 40 75 5 31 46 63 14 16 22 66 99 73 3 89 78 56 71 39 17 86 102 55 35 83 103 12 57 0 92 7 53 96 28 48 6 101 69 76 59 8 2 11 94 62 44 91 37 19 41 25 27 79 68 50 49 84 87 24 100 70 18 97 85 64 13 80 93 30 36 82 72 45 15 77 9 65 
104 3 19 98 82 33 95 89 31 21 97 11 59 38 69 83 73 57 20 55 56 75 60 0 44 72 1 58 66 87 37 49 79 102 26 42 5 43 51 9 76 68 61 100 78 24 7 48 74 25 50 94 15 14 65 45 91 70 27 34 67 84 6 62 12 39 36 77 8 80 23 85 22 103 54 92 81 40 13 63 71 16 88 2 47 96 101 4 93 64 41 46 32 28 29 17 99 90 86 18 53 35 10 52 30 
37 19 104 65 64 9 52 6 90 72 39 0 67 94 82 49 40 101 27 14 3 87 80 81 98 55 8 54 63 58 71 42 75 41 21 34 10 91 69 97 74 50 73 2 38 12 16 78 93 60 26 1 22 102 62 83 89 4 13 92 32 18 76 5 44 99 70 7 86 96 43 35 20 51 29 84 77 47 31 79 88 17 48 95 100 46 33 24 66 45 36 56 59 103 11 15 57 53 30 28 23 68 61 25 85 
56 19 25 5 40 6 102 87 70 78 8 4 73 42 86 45 97 15 66 13 93 96 41 75 27 77 53 63 94 95 21 85 99 38 7 69 98 79 48 89 101 91 49 68 76 2 32 51 84 31 103 18 71 54 65 30 52 12 11 0 16 57 81 33 20 1 9 47 72 104 35 22 100 34 10 14 64 58 67 39 24 62 29 37 83 74 3 88 50 36 23 90 60 92 28 44 17 26 82 55 43 46 80 59 61 
2 87 63 57 42 16 60 24 17 83 72 100 55 18 92 33 101 78 82 75 84 44 56 12 20 38 45 99 41 62 7 64 98 47 97 69 93 73 29 9 95 70 91 50 54 88 0 25 52 14 10 94 22 86 32 76 46 81 5 85 90 11 34 31 96 21 28 39 35 26 15 67 48 3 30 8 27 36 102 49 103 23 19 6 104 37 53 68 58 80 59 89 66 77 79 74 1 43 65 61 71 40 51 4 13 
25 95 81 70 45 65 78 55 29 104 83 46 57 96 98 76 41 15 32 51 87 99 97 91 71 40 6 103 74 9 82 14 18 11 10 59 5 35 49 94 0 64 101 22 42 86 56 30 8 28 100 60 93 43 34 54 53 20 44 67 16 80 72 47 77 52 21 50 19 68 7 79 38 3 66 63 61 88 73 26 33 84 4 1 90 75 37 69 13 48 92 89 85 17 102 12 31 23 2 58 39 27 24 62 36 
25 80 41 83 39 35 59 86 54 32 76 14 61 10 2 31 104 38 44 94 77 65 57 85 42 51 9 88 72 70 26 22 24 69 96 27 81 50 13 99 100 89 36 84 3 64 102 29 33 8 4 46 74 58 66 63 103 91 0 60 49 37 43 45 95 92 101 18 17 47 97 67 98 30 78 48 90 71 20 12 19 53 7 79 73 82 62 87 40 1 11 55 75 16 5 21 34 23 6 93 52 15 28 56 68 
18 26 56 33 99 24 94 104 60 36 76 29 74 97 45 98 25 22 88 19 0 79 50 93 7 15 23 35 43 66 65 80 103 54 86 70 47 92 58 21 20 90 61 100 73 27 82 96 28 3 46 101 55 102 8 32 49 14 52 85 51 48 34 9 40 84 59 2 81 71 10 64 95 44 57 12 77 67 1 75 42 78 6 89 13 69 5 30 31 63 16 38 83 11 41 62 17 68 87 91 39 37 4 72 53 
26 20 7 19 60 1 80 12 61 10 16 45 4 28 54 27 30 6 81 97 25 48 13 18 88 85 99 102 62 37 56 14 93 31 39 72 15 38 96 0 67 73 65 33 64 44 74 77 92 83 87 42 69 46 91 21 9 43 53 76 98 34 36 103 22 101 86 52 100 47 94 66 51 24 75 8 3 82 2 29 11 57 17 78 5 50 63 79 32 90 55 104 49 89 23 71 59 41 35 95 70 84 68 40 58 
50 12 74 1 51 95 45 52 38 63 65 5 46 20 64 48 98 87 61 6 78 84 62 57 2 29 80 47 104 30 31 88 26 70 94 35 13 54 19 75 23 22 16 18 86 67 36 0 81 83 10 7 9 100 24 39 27 99 102 76 58 103 21 66 60 92 56 28 49 32 69 11 68 14 34 91 33 79 96 85 93 3 17 8 89 82 72 41 55 90 73 101 53 4 97 44 71 37 15 43 40 59 77 42 25 
100 12 8 31 65 9 32 41 52 10 72 90 22 42 80 40 50 86 21 44 85 61 70 15 62 34 29 6 20 58 43 96 104 84 73 93 39 98 92 103 56 23 16 66 26 47 5 57 87 88 7 24 74 69 95 102 2 101 30 89 45 81 76 54 55 77 19 59 35 63 83 48 0 82 78 33 27 49 68 71 99 60 4 13 75 25 53 28 38 91 18 51 37 64 36 14 46 97 79 67 94 3 1 17 11 
53 43 31 10 80 91 13 95 94 17 19 34 83 32 33 90 78 61 35 71 56 20 4 16 37 48 22 40 66 73 70 41 81 18 27 55 87 96 76 77 49 88 54 62 63 21 3 72 74 0 52 11 98 8 15 36 1 24 97 85 42 2 58 67 65 69 50 84 28 79 64 101 57 39 86 25 103 12 9 92 47 59 89 30 23 7 68 6 75 104 44 14 29 102 99 93 100 45 82 38 51 60 5 46 26 
40 9 72 59 102 3 100 94 52 68 26 104 54 28 93 78 47 16 33 101 71 7 51 98 57 24 49 46 84 88 86 70 27 56 18 83 6 15 77 73 48 14 64 29 11 80 30 8 58 13 21 20 91 5 17 75 42 66 35 81 85 19 38 12 76 39 96 1 82 55 32 34 89 69 79 50 61 63 87 92 41 44 36 25 22 95 31 0 23 60 99 43 2 74 45 62 103 37 97 10 4 67 53 65 90 
62 46 13 37 72 78 94 23 20 85 97 33 18 74 2 63 56 73 27 61 91 76 55 34 30 96 25 103 3 95 66 77 6 36 10 54 49 67 45 57 88 93 11 60 90 65 80 4 0 104 99 84 29 53 15 79 86 5 9 22 12 87 71 89 24 28 26 92 48 41 14 82 52 19 39 17 7 68 42 8 35 31 81 59 40 47 51 58 44 75 21 98 16 102 100 38 101 32 43 69 70 64 50 1 83 
52 45 61 48 72 38 82 7 101 6 84 10 81 35 14 95 21 58 74 75 8 68 97 5 96 99 25 27 60 46 49 32 44 86 91 1 104 0 77 12 2 100 66 78 50 80 19 98 34 24 87 11 40 16 13 69 64 33 57 4 29 93 26 71 94 17 88 23 41 76 42 103 92 43 51 3 39 73 28 55 18 53 89 30 9 63 102 67 83 56 31 22 20 90 54 59 37 47 15 36 85 70 62 79 65 
2 51 15 89 86 25 47 3 57 61 8 39 91 102 88 43 82 17 19 100 70 62 33 52 11 63 59 94 18 44 34 55 16 92 53 27 41 77 36 49 60 37 72 40 56 74 84 26 85 71 81 58 99 24 54 9 90 75 80 22 68 50 66 73 96 21 0 103 23 42 87 35 98 46 20 95 13 104 5 69 78 64 31 101 67 83 97 28 48 38 45 14 93 12 6 29 10 4 30 1 79 32 65 76 7 
66 72 67 98 88 27 44 62 38 6 19 22 3 77 40 11 80 9 29 94 103 83 16 65 25 30 5 33 70 10 75 96 8 36 78 69 92 89 51 56 42 35 34 58 82 100 76 17 31 57 95 60 85 43 59 18 15 84 37 4 49 86 79 71 39 101 54 0 7 2 52 45 23 74 48 32 24 61 102 81 41 14 68 97 26 47 99 53 87 20 91 93 55 13 46 64 1 12 50 73 90 104 63 21 28 
17 65 40 34 0 89 45 15 103 79 14 61 78 85 104 32 41 11 67 12 81 49 31 26 87 96 80 21 52 6 59 56 33 24 51 83 68 13 77 22 58 57 37 92 66 53 88 20 64 76 35 70 39 10 23 28 60 29 93 43 72 27 54 102 50 73 91 82 48 100 55 3 18 90 5 97 4 16 42 38 9 94 63 95 1 99 86 84 36 8 75 74 47 98 2 25 44 62 46 71 19 101 30 69 7 
90 79 41 71 14 87 51 12 80 47 102 64 69 8 97 84 58 101 96 62 68 36 16 70 76 61 99 60 30 57 26 7 103 40 98 37 29 66 88 42 39 5 93 28 55 78 77 4 44 18 13 46 85 31 72 82 75 27 50 100 25 63 20 83 10 52 54 33 73 22 34 19 35 65 9 24 1 0 91 89 32 59 81 53 11 2 104 92 17 56 3 48 95 15 6 45 21 38 86 67 43 49 23 94 74 
44 8 72 53 68 28 45 52 47 1 21 69 56 4 19 14 65 22 82 51 85 74 15 79 58 66 93 64 20 11 73 83 92 5 80 76 42 32 67 24 78 54 71 49 34 39 61 75 27 70 48 59 104 2 16 38 7 97 96 30 33 88 84 40 63 18 90 17 0 43 81 13 60 35 77 10 91 25 62 99 98 57 3 55 50 87 31 6 23 26 102 103 86 89 9 37 12 101 46 41 29 100 36 94 95 
64 0 36 18 2 41 89 92 98 62 37 91 43 7 44 101 22 102 83 81 13 103 57 24 38 8 58 80 33 74 25 51 53 3 15 77 40 34 94 84 76 67 63 87 72 75 10 104 50 68 52 45 30 73 9 82 61 88 54 12 65 49 31 93 70 60 17 69 90 27 26 21 39 97 79 5 42 56 6 96 71 55 11 14 16 19 1 100 78 85 59 66 95 99 35 47 20 86 32 48 29 4 28 46 23 
47 77 2 57 78 83 49 40 76 0 81 26 60 24 98 32 74 48 59 17 14 58 52 13 56 22 4 44 104 46 9 28 64 42 88 18 36 19 89 94 103 79 3 29 71 41 62 11 53 87 95 55 99 35 6 73 31 33 15 1 97 27 34 50 12 82 92 30 38 5 101 63 84 23 80 65 37 69 45 90 91 25 102 96 7 54 67 61 21 20 68 10 100 43 70 86 51 75 85 66 16 8 72 93 39 
83 2 101 103 75 95 19 72 70 63 30 0 26 46 99 28 14 12 86 17 18 10 89 94 16 7 58 92 4 41 33 42 29 39 11 53 62 3 15 48 79 85 13 59 8 55 74 100 66 5 35 69 80 52 22 54 31 57 25 43 32 21 93 102 24 49 98 47 77 90 84 23 40 60 45 1 82 78 71 44 104 27 65 76 67 9 37 87 36 64 56 38 20 97 96 34 61 88 91 50 81 51 73 6 68 
74 57 75 71 35 20 42 33 0 44 50 17 47 59 36 65 55 64 45 101 97 53 22 82 10 15 100 5 80 1 69 86 2 38 89 92 29 4 87 70 78 51 54 6 58 32 41 27 95 56 84 72 21 102 7 90 83 52 43 3 25 68 98 16 62 26 11 40 60 104 28 24 81 8 49 61 39 9 77 37 13 31 96 46 66 63 34 91 79 88 14 23 67 93 73 103 94 48 99 12 85 76 30 18 19 
37 42 97 19 41 61 14 103 72 59 91 24 82 16 8 70 38 9 84 17 87 88 66 6 83 93 74 90 27 62 80 85 86 33 102 100 50 63 65 57 28 98 36 71 44 64 52 1 29 56 96 101 73 43 13 53 23 94 18 55 68 39 48 21 79 12 76 11 31 58 0 104 67 81 69 47 75 25 49 3 15 46 32 95 99 5 2 77 92 60 40 51 30 34 26 89 54 10 7 20 4 78 45 35 22 
62 67 35 104 25 31 85 15 95 39 101 20 14 87 59 1 21 34 29 63 40 86 77 10 68 92 24 12 90 73 100 9 103 0 28 44 38 98 78 13 32 52 4 19 75 57 97 79 45 11 54 46 64 43 65 27 93 42 89 76 83 82 5 18 22 81 60 56 47 36 88 8 37 23 3 41 30 102 58 96 55 2 84 91 53 72 50 80 69 33 71 16 17 99 94 7 66 6 26 51 61 49 74 70 48 
90 29 30 20 103 3 9 64 104 85 102 58 38 54 62 5 86 2 48 34 33 21 40 22 0 65 52 28 84 81 71 35 25 7 69 46 24 73 10 18 57 56 83 99 43 93 63 39 61 45 19 31 67 89 79 26 76 12 95 50 77 1 88 14 13 100 55 17 42 96 80 41 11 37 74 8 47 66 94 59 16 87 97 70 72 51 75 6 32 53 92 36 82 15 68 49 98 27 60 4 23 44 101 91 78 
97 27 21 72 58 60 16 66 32 75 84 52 73 74 12 71 1 80 69 104 47 14 85 26 22 42 20 89 57 90 70 67 56 82 62 23 4 9 31 24 61 41 11 76 87 55 48 46 13 94 39 10 100 45 0 93 37 86 51 65 102 50 36 92 98 6 18 83 43 77 3 64 44 88 78 95 28 79 103 40 81 63 29 2 17 25 19 15 8 101 33 91 35 96 54 5 49 7 59 53 34 30 38 68 99 
50 34 53 95 2 103 21 56 84 68 92 73 87 101 83 85 15 74 41 89 82 60 25 100 55 23 63 59 49 30 43 81 10 67 97 7 20 45 104 0 79 26 3 9 52 78 14 75 35 62 98 11 42 38 76 93 48 94 12 46 33 19 96 57 61 37 36 66 51 86 99 70 16 80 13 54 64 22 18 39 27 77 31 91 65 58 8 72 71 17 47 4 40 28 90 6 5 24 32 102 29 1 44 69 88 
73 23 58 67 33 74 37 69 25 98 6 41 91 56 101 102 64 97 78 34 104 52 72 12 17 16 50 65 79 35 71 40 84 8 11 45 99 0 75 1 4 38 22 47 5 70 48 103 43 92 49 89 66 24 59 63 81 55 31 7 76 9 62 100 18 21 46 60 15 54 86 68 96 39 30 53 36 90 57 94 85 10 82 3 95 44 13 26 93 77 87 80 2 20 32 83 51 88 61 29 19 28 14 27 42 
31 83 11 75 23 69 22 25 49 71 63 4 28 43 13 103 62 51 10 39 2 32 55 36 98 58 101 88 14 87 41 5 54 99 8 24 76 61 91 20 81 95 92 42 18 97 37 17 27 19 77 48 1 46 0 60 6 74 85 35 93 7 26 100 16 57 102 80 12 33 78 15 96 94 30 72 45 29 84 89 82 50 9 59 65 52 70 34 90 67 38 53 47 79 86 104 44 3 68 40 21 56 64 66 73 
25 70 94 5 38 74 57 86 50 59 22 67 60 93 15 7 1 36 39 2 6 23 49 79 41 48 97 26 21 95 16 17 27 103 18 87 52 84 73 88 90 11 69 14 63 101 77 31 98 104 12 10 30 65 24 92 78 91 32 0 89 43 46 72 42 71 35 20 54 99 37 81 56 62 29 53 40 44 8 83 61 55 28 33 45 76 100 34 51 80 75 3 19 58 66 102 96 4 64 82 13 85 9 68 47 
84 61 22 41 21 65 85 50 36 17 70 72 67 25 26 1 102 55 101 44 100 16 57 45 43 54 58 15 40 64 75 46 78 82 95 38 81 97 98 94 5 0 11 66 2 29 13 4 87 10 89 59 69 47 88 51 35 9 34 77 7 31 93 53 60 49 80 33 42 8 20 83 104 18 90 96 68 71 91 32 6 37 56 27 99 28 52 62 3 14 48 24 12 74 30 19 76 79 23 86 92 39 103 63 73 
6 95 5 103 68 2 12 28 86 73 76 104 57 88 45 39 96 0 61 46 21 14 92 31 11 67 50 26 70 51 22 30 79 32 35 53 62 98 37 7 47 4 10 72 77 25 93 34 16 49 9 91 94 42 43 44 33 48 101 60 80 102 56 90 24 87 17 99 18 89 23 36 52 71 3 97 64 27 59 8 54 75 65 19 40 15 41 69 81 85 1 55 13 29 82 63 66 58 20 74 84 78 83 100 38 
97 65 1 51 3 12 70 101 35 75 78 23 20 103 47 34 48 40 13 92 49 99 16 104 36 18 32 62 90 41 100 7 54 95 64 56 93 89 77 88 31 79 0 86 15 25 84 11 96 94 53 63 68 14 66 28 24 60 5 50 9 29 71 69 59 19 91 38 85 44 43 2 42 55 74 82 17 26 39 73 27 102 21 87 72 22 98 83 37 6 76 57 45 30 58 46 80 52 33 10 8 81 61 67 4 
43 74 24 49 104 60 34 3 15 33 66 75 56 63 89 84 61 46 80 26 27 21 102 93 38 59 78 85 58 68 103 25 101 6 64 16 29 71 22 23 4 44 97 95 92 67 65 87 5 52 0 94 42 76 62 99 11 9 20 31 35 19 36 50 10 47 37 55 90 77 57 32 79 30 83 18 12 69 54 45 72 13 82 98 53 100 40 17 70 7 51 81 41 73 91 48 2 14 96 8 39 88 28 1 86 
15 0 12 11 91 58 56 94 64 6 60 5 77 86 70 41 34 72 29 30 75 26 35 16 97 19 102 89 27 40 14 24 57 52 67 62 2 87 20 28 104 25 33 54 96 66 37 59 39 46 61 71 101 65 18 98 4 13 53 85 43 49 51 82 8 78 9 45 48 83 90 23 103 10 81 69 79 84 36 55 80 63 44 68 50 74 92 17 21 42 22 1 7 38 76 31 73 47 93 100 3 95 99 88 32 
47 30 92 103 81 14 61 48 21 12 22 24 57 55 80 36 86 93 35 2 10 37 71 6 83 49 17 98 59 73 66 9 8 97 34 54 5 91 39 25 78 0 77 23 11 89 56 100 63 94 88 38 40 15 79 101 70 96 90 62 99 104 46 33 28 31 95 67 3 102 51 65 27 64 4 16 87 44 85 43 58 7 50 20 84 74 52 29 18 1 41 75 53 45 26 76 68 19 32 82 72 69 13 60 42 
2 97 49 31 75 57 17 44 32 102 28 98 60 46 37 48 39 18 104 19 93 77 1 74 100 69 25 58 103 47 71 29 10 62 23 65 95 79 13 35 38 63 51 67 52 5 7 0 90 80 84 54 88 82 94 61 22 30 64 11 86 20 16 92 83 12 87 36 59 91 24 99 42 15 53 89 70 73 50 4 96 66 40 21 41 56 68 26 101 34 6 33 78 85 3 55 72 8 43 27 14 9 81 76 45 
67 4 13 94 44 18 81 22 90 99 20 36 15 19 21 39 84 5 11 75 88 7 63 32 33 24 35 38 69 41 30 16 58 54 1 31 73 68 66 77 6 9 56 60 64 12 45 0 53 100 10 70 61 102 42 91 62 28 95 8 79 27 59 86 76 49 46 97 93 43 48 74 89 50 80 29 92 78 26 82 47 2 14 40 104 57 85 87 96 71 55 72 23 52 51 37 103 98 3 65 25 101 83 17 34 
13 47 87 10 86 45 56 60 84 99 8 76 68 30 82 78 77 38 48 1 32 37 20 91 17 25 101 34 26 92 73 16 83 49 23 67 85 27 39 15 70 61 72 89 12 53 102 14 19 21 93 97 59 90 74 35 9 88 54 44 0 103 2 42 7 55 104 71 3 94 40 64 24 18 46 29 79 22 58 63 65 69 96 4 36 75 80 100 50 28 52 57 41 95 6 51 5 33 66 43 98 62 81 31 11 
86 82 60 48 59 58 74 15 73 29 88 12 47 36 81 101 17 8 33 69 38 84 83 103 34 30 78 13 67 97 54 94 10 4 102 98 16 24 7 104 22 100 70 56 75 93 27 62 68 40 61 28 32 11 52 64 89 95 63 87 18 44 1 66 21 0 5 53 23 99 42 2 35 19 26 80 50 14 77 85 96 6 37 72 76 57 3 91 90 25 92 41 43 79 71 51 46 65 49 20 55 9 31 45 39 
19 54 84 42 22 4 32 68 37 13 34 69 60 15 48 23 51 30 36 96 50 26 41 98 67 101 97 39 44 93 57 89 47 25 86 0 14 72 88 85 56 87 61 77 31 91 102 45 20 12 7 58 46 17 78 62 79 104 81 5 38 66 11 29 35 75 63 33 9 18 40 1 71 82 24 16 76 10 59 90 52 74 92 99 64 83 80 27 6 103 70 28 53 65 55 49 2 8 95 73 100 21 43 94 3 
58 14 86 100 47 11 15 10 94 76 73 22 16 95 97 41 65 44 53 101 34 93 36 83 92 54 42 0 28 17 19 38 79 63 102 96 3 85 43 87 24 104 78 52 62 81 72 71 9 90 18 50 88 49 2 77 60 13 82 31 21 6 7 39 98 25 46 68 56 12 89 61 80 66 69 70 103 59 29 75 35 67 27 30 33 20 74 8 48 45 57 1 23 5 26 91 55 51 40 99 64 84 4 37 32 
40 101 20 67 84 21 55 35 97 13 6 83 28 61 82 102 52 47 104 48 4 46 44 89 87 78 69 25 43 103 19 37 5 75 85 62 53 33 80 88 64 91 65 36 32 29 73 7 51 63 86 16 1 76 74 71 26 39 60 0 17 57 12 94 79 45 90 99 9 38 59 42 34 11 23 41 30 24 100 10 31 54 15 93 22 3 81 72 96 98 92 27 18 66 77 2 56 49 8 95 70 14 50 68 58 
104 51 27 84 31 6 65 93 13 25 82 23 22 42 4 58 89 98 38 80 37 36 16 77 91 90 0 87 5 49 1 83 43 44 70 85 88 9 95 100 2 76 74 18 55 28 66 101 3 19 15 40 71 41 10 96 97 32 48 72 54 92 12 57 79 14 35 60 34 75 63 30 81 11 67 53 73 39 86 21 68 47 61 24 50 29 20 45 33 26 103 62 94 52 46 17 78 8 69 64 59 102 99 7 56 
10 71 43 73 103 21 74 70 56 9 4 80 96 78 45 28 0 76 85 44 53 98 25 36 13 37 92 62 39 40 32 15 8 33 72 38 82 95 87 16 7 83 35 48 61 91 79 18 52 57 86 69 23 97 3 59 66 93 99 100 47 64 102 34 5 31 55 77 67 84 41 63 14 19 94 104 11 17 6 27 60 89 75 20 2 101 88 30 90 24 81 1 50 68 46 42 58 26 51 22 54 65 12 49 29 
23 46 77 3 89 1 53 60 31 103 25 80 15 47 26 43 98 29 82 18 58 10 30 70 17 28 57 93 76 62 96 45 73 20 7 90 44 0 54 42 14 2 36 41 52 38 32 11 102 9 85 48 66 16 19 68 40 88 87 50 24 71 22 59 34 99 81 39 65 97 74 13 91 83 61 56 21 49 63 33 95 75 69 101 6 92 12 67 5 35 4 86 72 55 104 78 79 8 27 37 94 100 64 84 51 
17 25 10 34 37 3 14 11 40 72 99 86 85 15 42 92 9 73 95 39 49 101 71 94 23 87 5 76 19 13 79 38 66 1 22 82 33 0 60 52 56 41 89 68 6 27 35 104 96 100 53 47 58 67 8 51 50 43 84 44 78 83 63 46 74 88 21 102 65 4 18 69 31 75 59 98 103 81 93 28 26 29 57 12 55 61 45 48 90 64 24 30 62 54 20 16 7 32 77 70 36 91 2 97 80 
79 1 90 37 25 21 40 49 45 94 48 2 61 22 33 75 81 5 23 4 96 86 88 77 3 30 8 36 52 41 54 62 29 98 102 9 104 58 89 64 15 46 44 91 7 70 74 103 59 43 93 53 71 95 38 6 83 51 80 47 34 20 56 10 60 17 84 31 42 87 24 82 13 27 18 11 57 72 76 32 73 67 99 55 65 39 12 66 68 14 50 16 26 85 0 19 35 97 78 28 69 63 100 92 101 
34 103 102 101 86 70 68 83 89 10 93 51 98 80 40 56 99 92 29 96 53 9 41 11 85 59 69 61 66 97 64 15 38 81 50 43 18 52 16 63 58 27 57 46 12 8 75 87 6 104 48 55 26 21 4 32 72 65 2 5 84 19 20 44 17 14 74 24 47 35 88 60 33 13 36 67 73 22 91 71 25 1 82 76 45 0 28 31 100 79 3 94 78 7 54 90 77 42 23 39 37 62 30 49 95 
16 42 56 47 64 44 24 84 43 1 28 35 101 27 20 26 54 29 51 96 46 85 45 13 9 99 91 62 52 14 87 19 58 66 39 50 5 88 76 3 15 97 74 59 80 78 70 86 48 94 92 53 65 72 12 18 2 100 41 34 37 4 71 102 6 40 63 82 69 30 7 38 68 32 93 95 21 0 25 67 8 36 73 61 89 17 104 31 23 22 79 60 10 75 103 57 98 11 55 83 81 49 77 90 33 
26 34 31 10 67 103 45 97 85 64 2 15 66 55 32 1 81 91 38 13 73 101 33 90 29 37 98 62 63 11 83 49 51 18 75 14 94 30 72 41 88 80 19 93 23 89 102 76 25 70 5 0 36 68 82 9 24 61 16 35 86 8 58 74 77 50 54 20 99 40 95 4 60 69 7 71 78 47 56 43 28 3 22 39 44 46 87 48 79 96 53 100 84 57 12 52 27 92 6 59 104 17 65 21 42 
63 82 5 37 102 96 79 68 15 56 39 38 44 25 49 24 84 32 30 51 45 93 17 29 86 77 27 48 100 52 28 19 58 59 46 50 3 13 72 20 103 10 2 47 88 41 11 66 99 26 22 94 4 76 43 36 64 8 31 57 54 85 87 61 69 35 16 67 65 55 98 34 90 97 92 53 78 83 12 104 6 62 80 70 1 101 74 91 7 0 18 14 71 73 9 60 81 40 89 21 33 23 42 95 75 
25 94 7 102 19 18 63 79 6 97 9 42 101 10 36 39 17 23 51 34 50 21 57 98 31 73 41 74 56 55 5 91 37 26 15 53 70 81 68 92 29 84 62 80 35 3 46 77 52 103 20 83 89 2 24 54 67 43 47 14 76 12 11 64 49 66 8 69 93 32 48 82 30 71 40 60 87 58 38 78 27 59 86 28 45 100 0 95 33 61 75 85 96 88 16 99 22 90 65 1 4 72 44 104 13 
58 99 19 59 69 36 20 52 81 21 93 25 4 96 3 18 75 14 46 50 83 34 38 30 29 45 10 11 49 89 42 98 17 56 15 84 48 12 97 23 55 101 78 28 87 103 43 72 9 64 94 71 57 76 35 77 100 16 91 70 13 53 86 104 82 73 61 102 7 67 26 66 44 0 40 27 5 85 6 33 8 22 32 95 31 39 2 80 63 79 54 37 68 90 74 41 24 60 62 88 65 92 51 1 47 
83 29 17 0 35 19 26 63 41 88 23 73 100 2 6 70 65 53 5 80 86 10 93 97 20 102 66 58 56 27 39 12 21 9 30 32 15 3 103 95 16 11 84 28 48 4 101 40 22 24 13 69 99 96 44 25 61 77 90 94 59 36 49 85 87 52 75 18 37 82 51 33 68 74 78 81 50 76 42 79 55 64 45 1 43 31 91 98 14 67 46 38 7 104 72 8 34 54 92 89 62 71 60 47 57 
29 82 104 36 25 66 85 26 7 95 44 75 39 12 50 0 53 42 78 31 62 54 15 73 52 3 60 63 33 83 19 43 47 8 88 35 90 13 94 58 27 89 17 23 80 11 77 38 28 103 67 92 61 22 4 59 70 76 56 6 99 100 55 68 49 81 2 57 91 69 101 40 79 37 45 48 41 51 14 10 20 30 97 71 64 24 34 87 102 86 84 5 32 98 93 46 9 74 16 18 21 96 65 1 72 
42 64 68 39 90 50 8 16 44 86 65 2 99 3 43 24 41 28 92 17 78 98 94 20 53 91 79 38 58 95 11 35 93 49 104 31 66 77 12 80 22 10 73 5 83 100 21 59 1 70 46 57 25 61 47 15 63 14 71 40 30 62 6 45 7 13 56 52 33 32 4 101 55 34 76 9 0 69 72 102 67 89 87 75 36 82 29 26 88 81 51 74 103 84 97 96 23 60 48 54 85 37 18 19 27 
34 16 46 30 86 19 56 61 37 92 49 50 32 62 18 82 0 66 60 71 65 54 100 101 2 47 97 58 67 35 12 11 55 15 75 77 27 70 91 79 24 103 89 104 93 42 26 43 85 20 45 40 59 21 17 10 5 36 68 72 41 98 23 76 33 57 4 83 22 69 88 53 99 6 94 25 63 31 51 64 74 87 80 13 95 84 29 44 81 90 3 1 28 9 78 8 96 102 39 7 14 48 73 38 52 
25 45 15 64 3 16 27 42 69 38 80 57 86 13 23 58 36 61 53 75 29 82 71 4 102 5 99 73 81 20 46 95 11 37 92 74 14 54 50 7 56 83 34 28 60 41 93 78 22 18 90 1 47 49 67 70 89 17 104 26 76 88 91 30 98 63 52 103 31 55 62 39 85 35 87 33 77 19 9 10 24 21 84 79 101 100 32 96 66 59 48 43 44 72 2 65 12 0 68 8 40 6 97 94 51 
15 16 19 100 37 72 28 50 80 5 93 9 39 98 83 61 40 30 44 64 21 89 24 46 2 12 25 29 54 69 102 41 48 20 99 42 56 92 85 18 95 6 75 58 32 11 7 36 76 1 86 8 38 53 10 13 97 81 94 34 78 14 66 17 35 23 65 45 0 101 82 47 4 90 77 79 88 73 22 60 87 3 103 67 68 84 49 96 27 31 51 74 70 33 91 26 43 59 52 55 57 62 63 71 104 
92 78 0 64 59 70 60 53 22 29 35 99 68 97 20 38 19 58 2 39 94 34 44 16 3 104 33 7 96 73 102 80 89 24 1 93 36 90 30 81 18 76 25 12 49 82 65 52 101 54 45 103 57 28 71 46 48 32 47 83 41 31 40 55 98 67 87 61 5 74 4 51 91 88 9 95 69 86 75 84 17 23 11 37 62 72 100 63 26 43 8 6 79 27 85 14 77 15 66 21 13 10 56 50 42 
38 36 6 58 85 68 55 48 90 71 82 53 24 33 30 0 47 20 42 15 54 18 89 8 9 75 51 17 22 56 77 16 44 73 59 3 83 14 7 97 21 31 84 63 32 91 46 40 65 12 72 35 39 94 11 27 64 61 23 74 50 34 37 70 103 5 1 86 13 19 101 25 92 2 57 99 87 60 45 100 93 88 26 81 66 104 102 98 62 41 78 49 4 95 79 43 29 28 96 80 52 10 69 67 76 
22 27 59 28 52 16 71 31 10 104 66 11 30 32 78 20 80 93 62 15 5 24 19 77 17 90 33 65 58 101 100 1 60 83 61 95 14 43 72 48 34 70 4 12 23 40 82 13 88 21 9 53 29 44 47 57 46 75 81 94 39 98 91 26 96 50 35 69 102 64 85 54 76 51 38 89 103 6 18 86 84 2 55 25 0 73 63 92 56 8 99 7 49 67 68 45 37 97 42 87 41 79 36 3 74 
35 43 6 33 8 97 70 20 12 93 13 79 102 66 27 44 65 78 19 57 83 58 31 81 15 71 46 16 98 59 51 3 84 30 37 28 49 39 63 80 7 22 9 68 11 104 52 76 34 73 50 17 101 88 0 94 18 40 92 5 32 55 29 14 82 21 74 69 100 42 87 103 86 26 85 62 4 95 23 47 24 56 25 36 45 99 54 90 89 67 2 53 75 60 48 96 41 10 77 61 38 64 1 91 72 
56 2 14 23 58 92 93 47 44 16 104 28 20 76 95 59 52 89 98 42 38 37 97 65 29 79 62 48 61 84 69 102 77 96 19 9 26 54 51 70 24 74 66 49 7 21 33 46 45 30 13 91 35 57 88 90 60 22 3 81 80 27 40 4 6 17 50 86 34 0 71 73 55 41 82 18 94 12 78 64 31 101 11 53 5 1 25 100 99 43 68 39 36 72 87 15 67 32 10 8 75 85 103 63 83 
60 23 89 42 32 37 26 95 65 21 72 22 59 71 15 25 50 46 101 19 84 73 83 91 30 52 11 67 13 58 62 9 100 85 51 97 70 44 35 28 39 43 3 34 90 16 64 41 103 75 31 17 98 99 4 55 12 49 0 33 77 87 80 29 40 38 48 5 66 36 81 54 88 82 20 68 93 53 1 76 10 63 96 24 74 104 18 102 6 79 8 47 14 45 92 7 61 56 86 2 94 78 57 69 27 
5 14 1 37 101 104 43 54 47 92 42 33 97 90 84 94 16 31 83 10 30 102 45 62 59 29 81 3 68 69 66 93 27 23 22 70 74 48 98 44 80 36 49 18 21 6 28 2 34 87 52 95 60 99 82 58 79 38 88 78 19 73 77 76 65 51 103 35 0 32 13 72 15 89 96 57 61 56 20 40 8 53 17 39 55 67 4 46 91 86 24 26 71 63 100 7 85 41 11 64 75 12 25 9 50 
38 97 49 14 17 11 9 101 77 91 41 19 82 83 59 7 65 88 35 50 99 22 24 30 95 28 72 70 64 71 79 85 1 4 43 0 15 25 69 26 87 74 34 12 73 81 96 13 53 61 48 75 86 8 52 63 36 39 60 89 55 44 94 31 32 67 29 66 54 76 92 93 104 40 90 84 3 47 27 102 21 42 46 18 37 45 68 57 10 78 5 16 51 98 80 62 33 6 58 100 23 20 103 56 2 
45 93 3 18 71 99 6 79 33 48 13 58 29 25 4 39 84 67 59 95 38 103 97 31 21 42 80 55 68 69 94 73 7 36 28 49 22 74 47 96 0 9 83 60 12 92 86 104 37 40 35 14 51 17 102 53 101 88 5 54 11 2 81 57 10 89 8 64 65 23 87 76 1 43 27 78 15 61 66 52 72 100 63 90 77 82 44 46 98 24 50 41 85 34 16 19 20 91 26 56 75 70 32 30 62 
14 40 59 104 80 56 79 51 92 41 103 33 22 58 97 53 30 89 94 4 45 82 95 35 1 78 57 46 27 101 87 85 44 52 55 32 38 9 75 54 19 17 47 77 50 6 67 90 15 63 29 81 88 28 76 86 69 25 36 71 70 23 84 26 13 102 8 18 48 20 11 34 93 43 61 21 12 62 24 3 68 65 39 7 73 0 10 98 2 100 74 83 91 42 5 16 49 99 66 31 72 60 64 37 96 
9 8 24 14 62 73 104 3 32 59 27 12 55 56 85 81 37 11 100 15 33 51 21 19 67 17 44 96 7 34 88 83 35 2 66 13 16 80 86 89 28 0 64 58 95 10 54 97 69 45 23 84 72 74 71 6 98 36 77 90 99 102 31 52 87 76 78 47 30 26 57 41 92 60 65 4 101 29 22 53 46 20 49 63 94 75 43 103 18 50 91 70 1 42 93 38 40 25 39 68 82 5 48 79 61 
91 88 35 19 53 78 54 62 70 38 17 55 73 65 5 46 102 64 95 104 20 6 44 99 0 32 28 98 37 89 103 15 41 87 101 16 7 21 9 58 67 29 4 92 30 10 86 74 63 43 47 36 59 57 56 40 90 85 49 76 97 60 72 100 77 33 50 42 79 11 75 61 31 71 96 1 8 69 80 66 24 14 3 68 48 25 81 27 93 34 12 22 26 23 82 83 45 13 94 2 52 39 84 18 51 
17 41 3 13 30 81 83 93 39 28 7 54 18 88 62 6 102 10 52 71 86 56 91 53 37 11 31 79 0 60 22 40 63 61 104 47 95 97 9 5 67 32 92 78 42 64 70 103 27 29 19 75 90 94 2 87 25 50 26 21 14 100 59 80 66 44 82 15 72 38 98 49 73 65 12 51 34 101 96 68 8 89 74 58 84 77 20 57 55 46 76 99 23 45 48 36 43 85 1 24 4 35 33 69 16 
16 19 96 31 72 27 4 77 0 47 53 50 101 56 90 85 84 103 46 23 39 15 104 57 79 64 65 29 26 59 94 82 75 33 24 21 28 35 13 67 45 1 8 95 2 49 17 55 48 100 70 18 20 68 83 88 43 86 62 40 66 91 76 10 42 41 7 81 69 3 5 34 60 37 30 9 89 58 92 36 54 22 98 11 14 32 6 12 97 78 38 51 99 71 102 93 87 25 73 52 80 74 61 44 63 
68 84 101 13 30 32 81 100 86 78 92 8 98 89 38 2 34 16 36 63 53 50 5 7 4 85 44 39 33 70 37 54 25 51 79 103 74 31 10 102 24 28 67 18 97 22 83 27 62 94 12 69 72 11 61 48 95 41 75 76 45 99 29 58 71 104 65 43 20 15 90 49 19 1 80 9 26 66 82 59 0 55 17 57 77 73 46 42 91 35 21 23 60 40 14 52 88 64 96 6 93 3 56 87 47 
75 54 80 14 97 64 70 99 50 59 3 29 68 31 2 63 25 5 88 69 81 100 78 66 10 62 6 61 1 57 102 4 53 43 28 83 89 47 58 36 18 13 39 56 77 93 76 98 96 16 103 92 74 95 104 37 94 11 7 55 38 34 72 87 23 20 101 33 17 51 21 91 86 45 26 65 60 52 24 41 15 22 48 82 71 40 12 85 73 27 0 79 49 90 32 42 35 46 44 19 9 8 67 30 84 
4 16 88 83 13 14 90 10 89 98 78 6 71 69 79 68 94 2 42 0 101 22 5 20 59 53 7 43 55 95 32 70 100 93 35 18 75 61 60 81 48 77 51 29 38 80 36 87 54 27 9 37 74 21 25 66 11 56 26 50 67 96 84 12 47 33 49 57 39 34 64 45 19 24 52 65 73 62 46 92 17 63 85 8 72 40 97 31 41 82 3 28 102 91 76 1 104 58 86 44 23 15 99 103 30 
0 94 19 31 60 30 40 56 98 102 44 89 8 33 42 4 57 32 79 74 37 93 53 85 66 25 77 29 48 36 16 99 6 18 67 11 12 47 20 23 71 80 88 70 65 55 91 68 101 61 35 3 63 26 1 62 9 100 14 2 78 7 76 51 43 90 10 15 69 64 45 72 92 38 41 52 96 103 27 22 81 49 97 5 50 17 39 87 75 46 28 24 13 59 82 86 83 58 104 21 34 54 73 95 84 
28 54 16 83 4 91 12 79 81 25 59 69 0 23 95 3 39 99 19 43 104 68 101 61 38 66 49 102 89 9 31 67 10 40 47 60 48 32 15 26 73 96 52 88 80 44 53 71 29 62 56 17 20 98 92 37 7 11 78 27 34 36 70 82 84 74 14 2 93 76 86 87 72 13 8 30 85 22 90 18 100 6 57 58 42 64 24 45 97 50 51 55 41 94 65 1 77 21 103 5 33 35 75 46 63 
57 59 85 5 83 24 3 66 81 79 99 21 37 29 8 95 40 70 9 88 26 2 44 58 43 30 7 94 38 103 104 35 100 60 33 98 50 16 74 92 6 14 11 84 76 32 61 39 77 97 15 17 102 27 93 36 87 46 18 41 62 78 91 23 56 4 1 31 75 68 54 10 71 69 82 89 12 90 72 28 53 63 49 101 42 55 52 13 34 73 67 19 47 86 64 45 20 80 48 0 25 22 51 65 96 
90 100 11 72 39 8 9 30 29 80 86 17 24 55 66 56 15 79 33 12 20 60 78 93 96 0 101 65 14 74 75 61 59 7 51 40 104 42 76 53 102 13 63 64 23 54 6 77 25 99 94 5 103 35 71 41 38 58 43 26 52 37 67 4 87 46 18 69 21 92 95 45 70 22 36 82 84 83 57 73 1 34 62 98 19 48 44 47 2 3 31 28 16 97 10 27 89 81 32 49 85 68 88 50 91 
43 36 81 38 95 23 76 90 14 57 72 103 55 61 27 46 60 0 99 44 31 104 45 9 77 91 75 30 39 21 26 12 64 88 79 65 94 35 102 24 63 68 1 16 25 97 4 7 32 98 19 49 5 53 22 41 42 28 67 87 17 96 8 84 69 82 71 2 101 50 40 52 13 80 15 6 93 34 51 89 70 33 58 10 86 73 66 62 78 54 11 100 48 29 20 59 74 47 18 56 85 37 83 92 3 
1 8 12 35 50 24 38 9 91 43 31 0 89 13 60 90 42 21 73 39 16 30 57 84 32 96 40 78 41 4 81 62 22 92 25 28 71 17 98 53 52 3 97 54 67 23 47 66 55 58 2 102 85 72 19 15 11 6 101 86 93 61 87 65 51 48 49 59 64 56 95 77 99 46 94 18 104 33 36 44 45 10 34 7 80 103 14 83 100 79 82 29 70 76 63 27 69 88 75 68 74 20 37 26 5 
3 28 19 53 88 78 70 12 0 36 85 25 15 87 52 26 75 51 62 46 14 58 34 17 55 96 73 72 98 30 82 31 67 101 37 61 89 103 40 48 95 92 1 24 33 66 77 11 90 65 54 23 21 71 18 83 5 8 32 63 76 13 41 99 9 74 22 6 7 29 20 64 93 80 81 45 91 42 56 43 69 60 68 97 38 100 86 94 79 27 59 35 84 16 57 102 50 44 39 2 47 10 4 49 104 
12 81 9 34 14 84 25 99 79 82 38 44 37 32 43 46 53 78 92 33 91 62 42 72 104 36 94 1 71 76 88 19 15 11 39 90 4 58 41 61 67 87 49 23 54 89 18 93 63 86 64 20 28 96 85 30 75 35 5 21 24 27 2 80 101 13 97 55 50 8 73 31 40 56 74 77 83 68 103 51 52 22 6 95 48 47 7 102 10 0 100 98 29 17 26 45 65 60 16 59 3 66 69 57 70 
87 102 36 10 42 27 88 15 35 101 84 51 74 39 3 64 50 83 76 77 11 20 1 54 38 72 63 6 25 44 22 13 86 58 37 90 17 24 29 69 14 55 103 57 66 59 80 9 43 5 47 19 46 65 96 34 67 28 97 104 21 32 4 92 7 60 2 40 73 53 95 41 31 12 16 89 45 18 61 79 75 98 93 100 82 94 26 91 85 33 81 0 78 68 52 8 62 99 70 30 49 23 48 71 56 
56 58 50 99 67 80 102 75 6 66 47 101 11 89 18 52 4 53 41 42 73 76 82 46 36 104 85 38 70 23 74 57 64 84 59 86 5 43 0 13 16 26 10 12 25 40 98 92 63 79 2 30 17 96 35 62 19 83 71 88 22 8 51 61 103 69 68 15 55 39 65 7 94 14 21 93 97 29 27 60 3 49 72 81 44 45 1 100 37 33 54 31 95 87 90 91 48 77 28 9 24 78 20 32 34 
59 12 8 78 58 81 32 19 9 94 52 49 85 16 14 69 74 26 17 80 47 60 67 41 82 1 20 57 13 101 79 83 54 55 102 35 51 34 97 92 24 64 25 48 50 87 90 56 53 65 38 86 42 36 84 21 10 72 62 7 95 0 39 29 93 70 2 68 76 104 6 37 28 77 23 27 22 30 66 88 99 96 11 98 43 73 75 103 3 61 40 15 18 46 91 63 31 100 89 5 71 33 44 4 45 
7 85 48 2 30 12 43 35 93 80 103 78 92 47 96 84 42 27 83 52 90 36 23 81 59 86 14 74 33 82 29 97 77 51 41 62 22 26 101 68 25 69 32 45 0 57 44 16 8 5 34 76 40 20 3 28 24 38 66 21 99 64 94 91 11 50 100 98 37 67 18 54 19 58 70 71 4 39 49 10 95 13 102 79 56 55 6 73 63 31 15 9 46 53 104 65 60 75 61 72 17 89 87 1 88 
60 97 103 6 10 35 79 30 64 69 45 7 17 70 32 2 89 20 73 88 76 31 41 28 68 18 99 5 63 21 74 11 42 43 53 100 22 94 71 29 40 80 51 87 54 84 78 58 44 25 52 39 50 57 47 38 83 13 8 96 92 24 61 82 33 34 85 46 49 67 16 91 65 86 1 77 59 66 23 62 102 3 15 19 98 75 37 27 72 104 9 93 4 101 12 48 95 55 14 36 90 26 81 56 0 
74 80 13 46 24 88 27 21 67 101 49 41 78 65 51 26 60 87 100 9 103 4 1 77 15 81 12 39 32 33 102 104 40 98 30 91 56 16 83 47 79 6 8 75 66 86 97 31 50 99 95 42 54 23 0 22 25 62 57 34 2 63 11 28 82 59 64 37 85 55 76 29 19 71 45 70 69 7 90 35 89 3 48 52 94 43 17 93 53 96 61 38 5 20 58 92 84 10 72 44 18 68 73 14 36 
91 94 65 40 35 0 6 5 76 68 99 72 64 81 37 22 29 89 32 28 54 79 48 77 23 49 75 80 96 55 34 58 10 11 70 90 12 101 61 74 9 87 67 44 43 62 84 97 21 82 104 17 30 36 31 56 7 86 93 41 4 24 47 102 1 15 50 33 51 66 27 100 42 98 13 85 73 60 25 88 53 69 19 52 8 57 26 92 46 103 14 59 20 38 3 39 16 18 45 78 71 2 83 63 95 
31 24 77 71 51 85 61 48 22 18 84 76 63 7 66 42 25 55 82 102 90 89 75 74 58 95 40 30 93 52 83 92 13 86 28 79 101 69 29 4 12 64 59 38 2 9 60 36 46 23 67 70 16 19 45 35 96 11 54 98 103 41 56 37 78 73 44 53 57 15 94 26 17 68 50 87 20 21 47 88 1 97 65 5 104 80 14 6 34 62 27 39 32 3 72 49 33 0 99 100 91 10 43 8 81 
2 33 82 100 1 30 46 17 66 53 10 19 45 32 70 73 43 81 48 21 18 99 16 57 39 24 85 86 14 63 4 87 61 95 75 71 104 93 60 37 89 34 9 83 25 59 79 98 27 97 42 90 38 31 3 13 102 20 103 8 88 96 92 28 80 55 40 47 84 11 12 67 35 69 50 44 52 23 91 41 0 68 72 51 101 78 77 94 74 36 6 56 26 58 54 5 22 49 29 76 15 7 65 62 64 
9 35 38 68 96 70 74 36 21 1 18 100 10 89 44 11 14 49 45 24 32 63 6 55 25 61 81 13 26 42 88 16 83 59 90 7 67 57 28 87 75 19 76 54 30 48 94 56 2 60 85 102 33 17 86 66 84 101 65 62 37 93 15 72 8 64 79 53 12 47 23 22 92 82 98 78 3 5 69 104 34 51 27 41 97 103 99 73 31 95 80 20 71 29 58 4 91 46 43 0 40 39 50 77 52 
82 99 20 100 46 74 4 1 54 8 47 97 64 79 104 9 62 23 7 34 68 40 22 48 81 44 18 21 32 91 35 33 3 67 30 56 27 92 71 75 66 49 36 16 51 53 86 84 15 89 52 2 61 73 72 55 95 39 12 37 42 102 65 63 14 11 58 85 59 31 77 43 78 24 0 41 93 26 103 10 6 87 17 90 70 13 25 83 76 19 80 96 88 29 38 101 60 28 94 69 45 5 57 98 50 
34 49 51 14 20 65 76 82 102 7 62 30 87 4 58 25 28 0 26 59 24 12 75 104 36 93 94 42 95 35 66 56 2 57 33 86 40 67 11 23 44 97 53 71 27 103 22 18 5 68 79 17 9 88 10 19 37 91 63 85 50 70 29 32 99 39 41 21 43 96 52 89 81 84 64 46 13 15 8 92 1 69 38 101 78 47 98 48 90 45 100 55 72 80 3 16 74 54 61 73 6 31 83 60 77 
51 92 77 48 54 0 15 13 53 22 32 101 37 67 79 21 65 87 43 94 76 80 64 19 17 16 96 27 100 34 103 20 12 23 3 47 66 93 46 91 86 39 72 88 9 56 7 61 24 30 36 85 38 81 70 2 74 90 97 6 8 71 45 75 58 1 98 73 25 83 68 62 35 41 95 55 49 57 84 44 42 40 29 50 104 26 31 14 82 5 102 63 99 59 60 89 11 10 78 52 18 33 4 69 28 
