107 100
95 71 56 13 17 53 15 72 52 70 106 48 0 93 23 7 22 62 80 26 63 83 59 91 31 24 88 10 45 85 102 54 34 100 78 87 3 66 36 21 69 37 50 84 98 104 20 30 49 101 81 25 42 92 67 8 73 75 19 28 4 74 39 57 65 5 89 77 27 35 61 32 105 16 33 40 47 94 90 55 76 1 58 43 79 11 29 97 51 46 2 64 6 14 18 38 41 82 96 99 12 103 68 44 9 60 86 
42 20 101 76 55 63 34 95 69 62 5 85 21 35 71 3 51 67 40 77 19 70 31 97 93 47 4 8 24 90 54 41 60 53 65 23 89 91 30 103 28 56 88 98 84 99 106 104 45 36 72 15 48 0 64 79 22 58 9 25 38 50 102 14 11 73 86 44 17 7 27 87 61 49 1 6 39 10 94 82 75 37 33 105 46 81 78 32 59 57 68 74 2 13 80 26 96 12 52 29 18 83 66 92 100 43 16 
79 31 26 85 61 29 77 15 2 41 106 43 95 68 28 12 45 75 49 94 44 36 23 37 14 92 27 60 39 1 104 48 82 40 69 63 57 88 56 34 8 33 91 42 93 58 74 71 98 62 66 32 67 6 50 20 21 97 72 73 18 4 54 13 51 89 81 52 55 46 0 102 53 100 90 38 84 64 3 7 103 59 105 87 101 22 78 86 70 24 5 65 10 76 19 16 47 17 83 99 35 25 80 30 9 11 96 
24 94 13 29 69 89 17 64 61 59 31 16 46 62 32 27 65 96 2 83 105 99 88 18 70 87 0 53 72 40 60 44 68 21 57 76 39 84 6 91 106 12 26 45 5 11 22 93 3 19 71 101 1 90 42 56 63 80 7 34 10 73 85 75 4 100 28 86 67 82 81 9 20 25 77 49 15 98 51 54 36 30 103 74 48 102 95 23 50 41 78 66 97 33 47 55 79 14 8 43 58 92 104 52 38 35 37 
33 43 88 20 32 70 27 52 62 76 90 85 72 3 8 37 91 57 74 45 69 26 51 31 80 12 101 16 58 21 0 84 66 53 59 13 98 93 19 73 82 30 94 10 41 75 104 89 40 9 77 14 102 1 24 96 22 29 106 11 64 38 63 97 42 60 44 18 61 46 71 87 99 50 39 68 81 5 2 34 35 103 25 54 92 105 4 15 100 78 6 83 65 86 28 47 7 67 23 56 17 79 55 95 48 36 49 
99 49 16 25 66 39 26 53 88 52 54 13 83 76 8 77 23 72 81 40 86 93 44 68 75 21 74 4 100 80 69 59 11 84 104 43 9 79 5 67 45 34 57 30 87 10 14 62 50 55 0 42 65 103 63 82 20 56 35 24 12 94 89 19 31 90 91 37 15 60 2 3 98 22 7 101 6 71 27 47 51 61 46 48 105 85 28 58 106 95 92 64 96 18 41 73 17 70 102 97 36 78 1 29 33 32 38 
82 25 23 94 101 89 69 31 100 67 24 27 92 105 4 99 79 98 15 59 12 73 28 49 11 54 43 51 20 29 42 77 71 84 78 46 22 91 2 56 45 63 102 6 26 80 86 85 40 72 8 57 10 16 21 36 61 74 9 62 66 18 39 3 5 103 55 87 68 75 65 93 64 96 1 106 104 97 33 14 95 90 53 41 88 38 19 37 32 76 48 35 47 34 70 30 44 81 60 50 17 0 7 52 83 58 13 
72 94 36 98 33 89 82 30 56 32 0 62 79 29 52 78 41 46 85 40 60 24 73 39 106 81 76 12 42 21 6 57 38 86 13 7 87 55 99 4 35 92 2 69 95 18 96 3 67 84 9 103 105 101 93 68 61 90 74 11 34 63 31 22 44 71 26 37 77 59 64 70 66 47 51 15 88 14 19 23 50 43 58 49 97 102 75 20 28 100 45 91 27 53 8 83 65 104 1 16 54 5 25 48 10 17 80 
67 95 53 35 16 74 105 42 33 10 49 6 11 50 26 77 0 86 18 87 3 55 66 24 7 37 106 72 54 98 46 17 82 25 63 20 71 59 22 31 88 94 32 69 79 60 27 38 15 81 80 57 30 100 103 73 76 43 90 89 101 39 12 45 99 5 92 8 97 84 104 102 34 48 58 68 83 70 78 21 19 64 85 2 91 14 29 44 62 1 36 93 28 96 41 65 75 61 4 40 51 56 9 47 13 23 52 
40 14 26 5 13 93 68 22 87 6 16 2 45 12 51 91 59 41 15 4 20 61 96 43 55 83 103 105 52 18 10 28 104 89 81 92 44 90 0 101 33 95 79 57 36 11 82 27 63 71 106 49 7 78 84 88 53 69 85 50 60 64 54 25 21 73 102 77 46 76 86 3 74 32 38 24 19 98 70 58 72 94 9 8 62 48 17 31 29 1 39 75 23 34 99 100 80 56 42 65 35 67 37 30 97 47 66 
15 70 34 33 90 29 47 83 84 75 69 76 64 58 26 68 57 46 32 79 96 97 106 13 80 95 17 65 1 82 102 86 28 77 39 52 42 45 37 20 40 24 49 21 98 72 31 38 94 23 5 30 35 59 0 10 3 8 85 88 67 27 87 74 104 50 16 66 11 62 89 12 2 100 22 48 41 91 51 93 63 71 55 61 103 53 92 99 7 14 54 56 6 101 19 44 60 43 25 81 105 4 78 9 73 36 18 
60 61 46 78 106 7 97 11 101 16 67 55 47 24 83 71 1 65 43 77 91 93 26 73 94 81 30 5 98 48 99 33 59 14 17 56 3 72 52 45 95 66 89 22 68 41 34 27 96 0 62 79 4 51 40 54 38 20 49 18 12 90 2 80 6 36 31 13 19 85 63 57 15 102 50 64 29 28 53 69 23 37 42 84 21 75 104 58 103 92 105 86 76 70 35 87 8 82 74 44 39 10 32 100 88 9 25 
39 14 37 16 10 40 102 74 31 89 46 48 20 95 8 59 47 35 36 27 69 23 103 88 5 92 80 13 15 62 91 1 49 3 58 73 75 81 66 99 56 21 101 79 57 26 106 11 104 43 45 17 52 68 64 96 32 72 100 54 67 82 84 0 65 30 51 83 6 61 18 71 94 2 24 41 98 22 78 38 105 33 77 63 87 19 44 85 12 97 29 4 55 9 25 76 90 53 60 34 70 42 50 86 28 7 93 
11 5 49 70 79 29 104 95 67 24 47 39 19 106 82 66 27 51 18 101 35 36 64 71 43 87 72 2 63 96 12 76 33 14 90 50 44 99 91 52 74 41 26 93 37 77 75 0 46 73 61 92 65 89 105 60 56 7 102 28 22 62 85 59 100 20 42 48 21 84 80 23 9 55 69 32 13 4 83 94 40 97 68 8 57 17 86 78 58 1 6 31 81 34 98 38 30 88 54 103 10 15 45 3 16 25 53 
25 16 68 75 70 57 5 27 60 102 96 80 49 61 46 37 66 47 58 44 100 103 97 76 20 15 91 52 3 95 32 29 92 48 51 9 82 62 30 73 94 72 69 86 38 56 99 79 59 74 81 21 63 41 26 11 0 19 55 65 10 14 34 54 18 40 17 98 1 53 42 87 39 85 88 23 84 104 64 43 101 7 77 36 78 90 45 8 24 2 31 28 50 6 105 4 13 71 35 67 33 106 93 83 12 22 89 
99 6 63 5 67 25 64 28 73 102 89 83 7 106 57 32 62 15 50 35 77 105 21 88 76 103 52 104 87 3 16 42 65 94 24 18 36 39 49 91 14 38 20 85 82 79 72 29 98 86 68 43 70 97 101 47 90 40 54 9 31 12 23 60 2 13 48 95 30 61 93 51 17 46 84 66 34 0 59 41 4 69 11 53 58 33 100 92 1 78 10 45 26 22 27 55 75 8 74 56 19 71 44 37 81 80 96 
65 63 33 100 41 0 16 7 29 85 75 43 64 89 28 46 39 48 1 96 25 103 106 53 69 17 61 67 62 97 68 10 71 22 74 54 70 60 94 102 51 98 99 76 49 86 31 92 84 87 3 90 15 27 73 9 80 47 11 45 78 38 95 81 79 20 37 34 57 66 2 8 14 24 21 18 93 44 36 91 82 4 40 23 32 30 72 12 55 56 101 77 59 50 5 88 6 13 26 58 83 105 52 19 42 35 104 
87 65 59 94 15 72 18 102 37 57 93 21 4 26 69 71 58 31 43 51 9 64 83 19 28 67 38 5 66 95 2 36 44 8 33 79 100 34 52 12 80 60 55 86 103 13 42 48 76 24 39 85 53 88 30 16 0 82 105 104 62 97 84 32 74 91 63 46 61 54 25 75 47 40 29 27 68 17 99 106 20 11 45 50 35 14 23 22 70 89 1 41 92 96 81 56 98 73 6 78 3 90 10 101 7 77 49 
60 0 1 92 104 90 39 33 5 100 15 30 46 96 86 77 17 4 67 52 69 24 28 106 55 3 76 89 85 18 97 91 11 7 65 22 9 61 40 36 73 41 21 2 47 99 53 70 84 10 32 27 23 6 12 94 95 101 16 35 102 51 49 43 59 38 26 83 54 75 78 13 31 45 88 82 81 50 62 42 58 57 98 48 37 103 8 19 71 93 80 63 105 79 87 29 44 25 20 68 64 66 14 34 56 72 74 
74 18 54 95 100 19 11 83 56 30 0 41 94 82 70 23 48 58 63 9 28 96 69 101 15 103 22 84 39 5 27 59 99 8 92 65 7 89 43 47 102 10 50 62 71 90 2 31 86 16 76 40 64 12 79 46 17 106 87 14 85 26 57 36 51 20 13 52 97 67 55 3 21 53 93 29 33 75 24 78 32 35 49 104 66 72 4 37 34 80 1 77 68 88 98 105 38 25 6 91 45 60 73 42 44 61 81 
89 47 88 81 79 42 105 48 59 28 72 41 98 99 51 55 96 71 86 43 97 80 44 84 103 68 101 35 94 65 66 62 8 7 67 106 23 100 104 58 29 15 64 45 18 70 61 87 38 4 12 95 49 53 57 19 17 60 52 31 26 30 90 78 54 91 34 2 37 5 63 10 93 76 77 3 22 20 102 32 46 13 39 74 9 50 21 27 75 36 6 85 92 73 82 24 40 16 69 0 14 33 11 83 25 56 1 
96 46 79 91 55 23 10 12 106 83 70 21 40 81 73 72 53 5 0 97 37 45 102 54 74 61 20 57 62 76 80 41 93 58 34 50 15 25 4 30 92 85 64 11 60 47 44 36 29 19 65 100 88 77 22 89 90 7 71 39 98 13 18 35 75 17 27 63 69 24 78 56 105 66 52 49 59 104 82 38 94 101 86 33 9 32 95 67 43 3 68 8 6 84 51 48 1 2 26 28 31 14 99 87 16 103 42 
49 72 85 39 28 34 30 106 67 35 74 11 59 63 104 98 42 65 56 2 5 77 64 3 80 54 60 96 19 47 9 4 52 15 91 37 70 44 26 102 29 48 69 105 92 88 6 75 87 86 53 40 14 81 95 31 46 94 20 99 50 1 66 21 78 61 68 79 24 10 36 18 17 7 89 16 13 41 76 8 90 101 93 83 57 23 62 71 84 27 103 45 58 12 38 43 82 22 100 73 33 32 55 25 0 51 97 
30 50 6 96 106 103 43 21 95 63 62 97 64 91 65 35 92 80 19 12 22 57 77 15 73 58 44 24 46 79 28 33 74 23 49 45 90 1 76 84 8 85 105 7 38 87 82 39 70 54 52 51 94 86 16 9 78 41 89 71 56 99 100 2 102 11 32 31 13 42 60 67 36 66 10 26 20 98 17 55 3 40 25 34 61 5 0 81 14 93 75 72 68 101 47 18 4 53 48 104 59 37 27 29 69 83 88 
42 87 46 70 52 61 79 57 71 3 51 21 81 0 27 73 39 100 37 98 10 28 97 54 5 50 6 31 102 14 83 44 72 43 86 95 63 84 60 20 89 8 77 68 104 103 4 53 56 12 85 24 26 82 33 13 35 90 11 49 92 18 19 105 41 62 101 93 36 66 2 55 106 25 45 47 69 78 74 99 94 7 23 59 16 17 58 29 96 88 9 38 22 15 32 75 30 65 67 80 1 34 40 91 64 76 48 
14 8 61 42 58 25 76 89 0 11 28 85 104 93 40 38 63 75 26 29 15 64 16 2 12 1 57 20 77 27 13 96 53 47 35 6 30 92 3 70 91 71 105 51 82 7 56 52 22 41 73 37 67 48 55 17 97 86 65 54 99 88 83 19 78 23 100 32 74 69 34 87 24 103 66 62 95 36 44 102 68 94 31 9 49 10 39 59 90 5 60 18 33 50 45 80 106 98 101 21 81 72 46 4 79 84 43 
93 64 4 58 35 102 40 86 87 81 33 78 47 15 53 82 23 66 83 17 49 70 77 6 79 39 21 90 76 22 68 89 65 105 41 50 38 26 95 29 100 36 5 13 7 8 18 9 94 51 11 12 28 48 19 71 46 80 60 44 0 56 54 59 88 96 63 3 103 20 101 73 27 32 61 55 2 31 45 91 98 92 84 30 25 57 34 24 43 62 106 37 99 104 69 72 14 97 67 85 10 1 42 74 75 52 16 
44 102 59 36 85 52 90 65 42 84 57 43 94 37 91 14 56 54 77 49 5 10 95 87 3 26 71 12 81 99 4 9 86 96 16 75 82 92 6 83 47 89 28 62 68 98 0 46 73 79 2 55 45 11 38 39 80 17 58 25 22 74 35 67 106 103 40 53 104 60 105 63 41 50 30 24 72 66 48 88 32 23 78 64 31 100 15 19 101 7 97 8 20 76 61 33 13 69 18 1 34 27 29 51 93 21 70 
48 57 86 54 93 68 40 29 7 82 63 56 89 75 97 9 11 42 41 69 88 4 18 65 2 104 26 24 35 1 67 28 25 78 14 53 31 85 92 52 94 101 83 84 36 100 59 98 46 77 3 50 21 39 16 34 106 0 70 20 55 72 51 64 76 87 27 73 49 71 95 80 62 99 12 44 6 19 13 5 43 60 79 45 23 15 81 33 103 102 105 32 10 38 66 91 96 74 17 47 61 30 8 37 90 22 58 
60 24 2 93 34 92 6 47 27 83 21 13 88 18 64 59 90 82 35 10 33 81 15 9 11 105 31 43 103 66 91 58 86 29 12 19 42 8 39 70 45 69 32 44 80 89 28 56 51 97 73 23 22 68 74 38 94 99 106 20 62 72 14 16 5 54 65 26 41 17 57 30 78 7 95 85 49 48 84 52 46 53 75 61 36 101 1 67 87 63 37 100 25 3 76 98 0 77 50 4 55 96 79 102 104 71 40 
50 25 58 47 51 45 1 101 100 102 42 80 81 55 16 32 105 31 99 53 91 6 40 29 85 4 33 21 73 87 49 83 74 35 64 13 67 72 12 96 11 61 68 9 95 69 18 70 52 46 2 57 22 39 5 20 19 59 93 103 60 66 38 41 97 90 104 26 63 56 75 48 86 71 27 54 89 78 23 98 62 36 77 37 30 43 88 28 14 92 10 82 94 15 76 34 7 79 44 8 24 17 106 3 84 0 65 
98 95 25 66 91 78 94 53 58 11 64 7 49 83 39 44 77 79 65 3 90 74 50 21 34 62 5 42 69 26 1 63 76 2 86 18 4 37 31 32 73 57 47 15 52 13 16 60 41 102 100 20 43 80 33 88 19 45 51 99 75 29 68 96 24 72 55 101 27 59 106 48 89 23 92 22 0 105 87 30 6 35 104 85 84 93 70 40 71 36 56 12 61 14 103 46 8 81 67 82 54 38 28 9 17 10 97 
46 2 72 28 10 88 82 96 23 63 104 13 31 92 70 45 67 11 41 78 58 93 66 56 95 30 100 106 50 51 27 9 76 33 98 12 81 35 7 102 71 26 90 52 97 17 91 42 87 64 47 54 0 29 21 4 15 25 44 5 14 24 94 69 1 38 105 86 77 16 83 43 57 103 62 6 75 53 55 80 22 8 48 34 79 85 84 19 73 18 74 20 61 89 32 99 39 49 65 40 36 60 59 37 68 3 101 
47 25 38 55 75 92 68 35 53 49 105 2 82 28 73 84 66 23 14 76 72 45 26 103 54 21 69 6 32 16 13 71 50 19 78 36 79 33 86 9 98 93 27 80 24 48 67 43 34 42 0 59 88 106 39 30 74 60 7 95 89 61 4 91 41 77 104 40 18 57 64 83 99 65 10 97 15 3 101 63 46 44 29 1 22 87 56 70 37 17 20 11 31 52 5 12 81 100 51 58 94 62 102 96 85 8 90 
62 92 12 78 61 25 102 52 38 0 39 56 19 36 79 32 9 3 48 5 66 24 99 89 17 93 35 81 37 87 2 94 68 74 84 46 69 100 83 41 103 1 95 65 54 47 31 28 53 97 6 85 51 63 73 7 26 67 88 82 90 40 30 55 77 59 43 45 22 29 57 4 71 8 15 18 80 13 11 58 20 106 27 14 21 76 104 98 10 96 49 72 34 44 33 105 16 60 91 42 64 86 70 23 75 50 101 
73 42 80 59 26 52 49 92 65 91 66 89 70 12 16 77 75 8 83 79 21 105 90 74 87 35 48 44 100 0 27 25 41 10 46 71 45 32 98 5 86 76 43 24 34 37 68 104 40 67 7 11 55 64 106 47 72 9 103 102 13 50 22 20 33 81 28 15 14 62 36 29 54 17 39 82 94 99 2 69 93 61 78 56 97 60 18 88 3 63 1 30 19 95 31 6 101 51 85 38 53 96 58 84 57 4 23 
40 84 103 19 35 48 20 57 28 68 37 74 42 59 62 106 56 67 81 0 87 27 58 91 89 85 79 22 18 39 25 16 23 88 36 75 72 29 7 60 26 63 82 30 53 11 54 12 21 94 41 43 8 15 70 50 38 44 104 17 101 34 97 80 69 33 78 102 45 5 96 61 1 46 32 71 3 93 98 92 64 83 51 47 86 6 55 100 49 66 90 9 24 65 2 77 52 10 99 95 4 105 14 73 76 13 31 
49 44 91 29 25 35 76 79 101 80 105 27 102 86 39 59 99 11 96 78 92 52 98 7 2 53 63 57 61 9 50 56 37 26 6 30 103 4 81 51 40 97 83 21 64 70 23 16 94 22 100 12 36 32 31 15 58 45 85 104 8 43 38 47 82 71 0 42 24 19 1 87 84 48 77 14 46 72 88 75 33 69 55 106 17 41 93 68 62 18 3 67 90 34 54 95 74 20 73 60 65 66 28 5 13 10 89 
58 6 82 47 99 85 32 91 39 75 25 26 59 7 34 101 61 1 40 95 73 35 16 83 78 87 24 10 60 53 22 50 43 104 15 72 80 48 23 70 56 77 62 27 68 94 42 46 97 18 88 92 69 37 28 65 11 17 21 31 14 8 63 66 79 12 57 49 45 106 5 96 86 84 52 4 19 93 2 89 71 36 102 103 98 38 105 74 13 100 41 55 76 51 20 0 29 64 54 33 9 67 90 81 44 3 30 
20 78 92 4 79 57 50 106 74 82 80 33 21 8 31 96 97 46 77 41 7 67 30 6 53 34 23 14 43 12 9 40 85 99 24 56 11 45 95 98 49 100 102 68 64 16 93 32 29 84 38 62 18 28 90 15 58 47 104 71 87 83 35 2 48 22 3 75 89 103 70 72 1 86 69 59 0 51 19 25 37 76 36 5 27 65 81 94 54 73 10 101 63 88 91 26 13 39 44 105 52 17 61 66 55 42 60 
46 99 37 101 87 3 38 91 64 54 25 82 55 4 2 78 26 103 28 32 45 60 18 6 52 41 30 104 77 12 49 72 22 14 51 0 59 105 89 96 80 36 57 71 29 10 15 69 94 40 24 95 34 75 73 47 53 98 17 7 85 81 100 56 65 90 102 43 62 83 11 88 20 48 33 79 97 74 44 66 61 86 42 8 39 9 106 13 63 5 68 16 92 67 23 1 21 93 35 27 84 76 58 19 70 50 31 
44 30 20 11 28 64 40 2 75 101 26 93 4 25 49 59 92 97 91 17 85 1 103 7 35 52 34 21 23 50 46 55 71 69 88 36 24 53 74 82 33 3 9 38 95 78 60 12 98 57 73 39 47 90 31 8 27 76 87 81 96 32 65 105 94 61 62 19 15 72 37 100 54 84 41 106 13 77 10 22 86 43 51 67 102 68 45 99 29 66 16 42 14 48 18 89 63 83 5 58 6 79 0 70 104 80 56 
26 77 74 34 8 5 80 50 65 56 21 36 10 53 105 103 0 99 23 12 82 39 40 1 87 3 16 98 75 29 51 95 2 19 83 79 45 48 38 93 47 22 102 25 68 61 100 30 41 91 84 44 28 4 106 52 7 96 76 43 70 18 78 85 42 58 27 71 33 89 64 31 11 24 60 101 88 15 32 94 46 67 20 59 17 13 86 104 73 90 72 92 63 14 9 37 49 6 66 55 81 62 54 69 57 97 35 
39 93 17 45 51 6 60 64 13 91 77 11 103 42 3 82 33 95 65 72 9 38 76 21 71 83 70 98 56 32 46 78 58 31 50 34 40 20 102 28 36 89 24 54 53 16 73 7 1 48 88 44 41 87 81 14 90 4 26 105 68 0 96 79 67 15 23 2 49 92 66 47 25 35 104 84 5 62 43 57 8 74 59 69 101 12 99 61 30 100 18 37 63 86 106 75 29 94 52 10 19 55 27 85 80 97 22 
46 6 49 69 33 32 50 105 56 57 41 2 45 28 65 55 94 62 81 93 25 9 52 7 58 96 77 68 61 103 80 79 67 85 3 42 87 72 35 100 74 91 8 10 83 5 53 104 82 0 26 39 47 31 95 23 73 40 59 12 75 13 38 37 19 76 17 51 20 60 88 16 11 21 89 29 84 18 92 97 101 44 54 4 63 71 90 99 48 86 24 30 98 36 14 34 15 43 27 106 66 78 70 1 64 102 22 
33 22 64 44 65 45 89 3 7 61 96 67 19 46 39 63 41 42 36 57 8 66 54 30 76 103 70 18 82 48 69 31 13 20 1 79 74 97 81 80 51 71 62 21 10 93 43 55 14 26 86 106 98 75 101 85 99 40 2 49 104 59 29 102 105 100 91 4 32 6 9 11 92 50 34 17 25 58 35 24 84 78 12 23 56 52 73 77 95 53 15 87 16 27 37 0 68 94 83 47 38 72 60 5 90 88 28 
34 25 60 68 95 81 16 11 105 36 6 100 20 50 1 106 3 10 17 39 23 78 80 74 21 57 26 43 98 28 89 8 65 103 2 14 97 77 45 22 87 61 41 31 83 92 67 76 13 72 62 70 27 44 12 29 55 33 71 85 79 37 52 64 82 58 91 56 42 84 88 86 48 104 24 7 9 99 19 66 59 90 5 4 53 46 75 96 49 93 15 51 35 73 32 69 94 38 40 63 47 54 0 18 30 101 102 
26 32 7 14 87 47 103 55 17 42 64 104 1 24 99 27 83 54 90 48 72 76 36 39 77 60 86 57 85 97 74 50 28 70 81 49 51 22 46 63 59 94 11 10 52 33 96 68 65 16 2 66 79 15 73 105 6 80 41 88 21 58 102 4 61 29 44 67 106 31 69 25 20 13 43 82 89 3 71 53 0 56 62 23 5 91 9 35 40 100 93 34 45 8 101 95 18 37 75 12 98 84 30 92 38 78 19 
64 101 58 100 4 53 40 10 42 59 6 93 35 85 54 83 3 39 31 49 67 34 76 20 0 11 36 72 9 25 99 90 102 84 26 57 60 13 86 12 89 78 66 63 24 95 32 77 46 74 5 105 52 37 50 15 65 45 68 43 1 27 103 51 23 19 81 61 96 87 80 55 33 79 73 21 97 75 56 92 104 8 98 28 18 17 2 91 41 62 14 82 47 22 69 71 94 38 88 106 70 7 29 44 48 30 16 
62 38 63 47 8 22 31 100 82 33 46 101 106 15 59 27 77 9 76 7 21 3 89 1 30 14 94 13 17 67 0 39 99 69 85 60 104 26 23 35 34 51 32 52 28 57 12 56 43 95 64 49 55 54 103 6 90 40 48 65 61 10 102 44 79 58 11 70 19 87 16 5 78 25 83 68 42 98 86 36 88 18 71 66 81 73 91 93 50 53 74 84 105 92 29 24 37 41 96 97 80 72 45 4 2 20 75 
67 62 66 93 75 91 51 76 103 37 73 34 54 41 24 11 104 85 59 64 65 81 52 89 96 61 80 97 10 40 53 105 46 43 45 49 28 87 92 17 5 0 15 63 8 88 72 98 60 2 13 18 32 78 90 6 86 30 70 71 44 102 79 82 95 7 50 42 56 14 31 27 1 39 47 57 23 100 29 19 106 4 20 38 84 94 3 25 77 16 22 99 55 12 35 33 21 68 83 26 48 101 58 9 69 74 36 
99 16 86 105 92 82 40 8 4 50 102 83 20 28 23 47 53 39 104 33 1 60 45 62 87 65 103 25 29 100 7 38 81 90 43 44 49 34 91 106 26 61 31 37 51 55 93 48 46 88 32 69 72 96 54 17 70 75 57 58 77 80 79 68 6 42 56 89 94 24 12 59 30 98 64 52 84 41 36 5 21 66 101 18 73 10 35 9 71 95 0 11 76 14 19 74 27 13 63 97 85 78 67 22 3 2 15 
39 44 48 58 5 24 59 65 60 104 9 78 19 33 98 45 30 74 57 102 80 28 94 81 36 103 1 62 90 38 4 96 71 6 83 105 42 63 10 22 20 106 56 8 85 31 61 40 73 46 54 47 13 92 66 7 43 95 16 37 53 79 2 3 0 70 91 17 100 89 51 87 41 18 49 34 93 12 77 67 32 15 72 82 101 84 86 76 21 26 27 14 55 35 88 50 99 69 64 23 75 52 25 97 68 29 11 
42 19 61 6 14 38 103 99 62 53 50 91 35 32 68 86 104 48 70 74 24 2 8 5 22 51 55 87 84 83 105 33 25 23 52 59 73 1 4 95 67 92 26 45 13 37 82 101 44 64 54 58 79 40 97 47 93 89 69 18 10 72 80 41 78 30 3 49 27 17 63 96 29 57 100 36 77 0 90 56 102 12 9 20 7 60 85 21 46 106 28 94 31 16 81 98 39 88 11 15 71 43 66 75 34 76 65 
19 10 67 81 1 16 6 103 38 65 68 2 88 63 3 91 69 52 23 106 27 43 9 58 104 99 4 60 41 72 80 49 54 59 32 78 86 89 77 50 21 39 47 55 48 33 57 12 7 82 92 46 105 84 42 29 85 17 0 98 20 96 25 28 83 94 75 14 22 26 51 53 76 5 73 87 101 71 97 24 74 34 15 11 102 79 45 70 56 61 44 35 95 30 13 36 40 66 64 90 8 100 62 37 18 93 31 
59 91 39 73 76 45 33 79 100 66 81 9 86 83 4 56 53 80 63 22 62 14 12 97 61 72 30 11 46 51 106 24 20 58 44 70 19 87 23 36 103 99 32 18 31 35 40 3 43 2 34 48 15 67 47 38 25 28 74 37 85 88 10 65 60 96 94 41 8 52 21 77 16 101 102 95 104 26 68 105 57 64 5 55 0 7 1 78 82 27 29 93 90 89 54 49 92 13 98 50 75 84 17 42 6 69 71 
99 29 3 79 71 48 15 69 28 65 73 13 1 44 89 36 12 87 30 49 58 92 83 97 23 63 31 54 10 68 20 64 106 7 86 24 62 88 96 33 4 67 19 39 94 52 14 22 6 75 34 76 55 82 59 81 57 50 27 16 91 102 72 25 8 0 56 37 18 103 90 80 78 38 40 35 45 17 77 43 42 66 70 101 105 53 46 84 11 85 98 2 9 60 5 26 74 104 32 41 95 100 93 61 21 51 47 
92 28 37 77 14 54 82 47 94 22 90 62 60 16 85 57 65 0 67 84 17 101 2 7 13 102 8 68 5 3 86 78 56 74 73 80 88 97 30 46 21 31 95 26 89 42 69 18 43 45 41 99 36 34 6 35 72 38 81 9 40 20 4 63 76 104 93 100 10 58 79 33 32 53 52 50 51 105 98 96 70 49 11 87 55 23 103 1 83 61 39 29 12 15 59 106 48 75 91 25 19 27 24 71 44 64 66 
17 32 48 6 25 75 52 101 8 40 86 29 90 89 51 74 14 62 81 82 98 38 9 105 85 21 57 93 97 34 66 100 39 94 99 36 22 58 31 30 20 13 41 11 79 56 50 55 4 19 27 67 15 78 92 23 87 37 60 43 3 46 59 5 68 7 63 80 47 26 104 96 71 10 103 64 102 54 12 35 33 91 73 0 106 24 61 88 76 83 49 42 72 28 1 45 70 18 95 16 2 84 69 65 44 53 77 
8 11 99 16 81 80 59 95 3 4 34 12 24 41 21 7 26 87 101 25 28 46 104 74 15 30 29 82 14 17 53 31 27 98 62 52 66 57 23 51 47 9 91 68 96 55 48 1 88 65 44 45 85 20 43 90 22 64 76 84 18 71 73 83 69 19 13 77 32 94 56 49 70 86 78 40 67 58 36 75 61 37 106 103 50 42 105 60 79 72 10 2 33 97 6 0 35 102 5 38 100 89 39 93 92 63 54 
33 51 96 100 101 60 78 11 80 1 90 66 6 88 39 41 84 97 10 46 22 76 70 29 47 3 92 44 73 30 24 104 45 16 14 26 63 79 17 13 52 5 65 7 35 38 18 8 87 15 25 105 42 40 68 69 82 20 89 103 72 9 50 32 56 59 23 85 48 36 2 58 95 99 64 62 93 71 37 74 102 67 81 75 53 91 21 31 43 54 86 19 12 106 34 0 94 57 49 55 83 27 98 61 4 77 28 
32 44 23 39 81 85 78 69 0 33 102 106 35 19 13 5 88 2 62 1 82 86 94 34 63 104 70 91 71 61 17 45 101 66 49 56 24 93 43 48 79 58 29 55 3 65 41 28 68 27 72 95 31 9 84 64 89 76 77 74 57 59 16 46 42 80 25 15 53 99 100 40 7 90 50 75 4 47 6 105 11 37 52 103 10 38 87 98 92 67 30 54 96 14 60 83 20 97 21 8 51 12 18 26 73 22 36 
5 35 49 24 19 20 12 106 56 45 41 50 14 51 23 85 86 29 61 59 90 39 15 80 66 7 10 64 96 32 8 25 42 63 30 95 73 38 33 9 13 2 17 58 75 91 101 102 68 46 89 84 78 36 31 16 26 60 37 53 81 97 28 11 100 40 52 69 65 62 88 27 18 99 44 57 67 21 74 83 79 93 48 54 76 92 72 103 6 104 70 0 22 1 94 47 77 3 71 87 4 55 82 43 98 34 105 
78 100 67 83 90 98 61 15 92 17 41 89 81 79 66 104 52 14 4 44 58 60 54 55 50 31 20 65 85 23 91 48 101 9 49 99 62 56 16 28 12 5 72 68 106 71 70 74 95 75 96 7 82 22 6 53 97 27 63 2 76 46 86 42 29 13 30 21 8 43 93 94 19 77 35 102 38 1 45 3 57 59 39 105 36 25 69 103 47 10 24 51 40 80 18 87 26 34 64 88 0 37 33 73 84 11 32 
22 100 106 41 37 9 86 55 31 15 34 16 26 91 60 10 73 47 87 48 88 104 40 13 25 65 62 3 29 5 63 82 56 72 89 99 59 79 7 19 14 80 92 33 81 1 36 68 0 12 35 97 6 27 24 2 96 52 20 93 70 77 64 78 51 30 8 45 103 44 61 21 32 28 39 105 76 58 84 98 17 102 11 75 57 54 71 46 67 53 94 49 4 69 38 42 18 23 95 90 43 74 85 101 66 83 50 
42 59 82 55 90 29 32 38 30 33 99 39 49 58 77 69 97 66 62 12 93 91 26 41 13 45 71 44 105 87 54 25 94 24 103 88 61 92 17 80 50 27 70 28 16 53 64 51 56 15 0 22 3 1 96 36 65 67 57 11 84 43 101 37 78 10 19 102 9 60 18 31 104 72 34 5 21 76 47 23 73 52 35 89 79 83 6 106 8 4 48 63 81 95 2 85 20 74 40 14 98 75 86 68 7 46 100 
28 76 37 12 92 16 13 89 73 0 75 80 86 58 41 35 29 36 31 91 26 61 83 99 69 15 59 53 60 9 84 24 101 34 68 48 25 63 49 66 87 19 90 44 39 2 81 104 77 1 30 47 102 70 7 8 106 22 98 79 55 65 95 103 105 11 43 46 42 27 38 4 94 23 62 17 52 33 67 10 3 72 5 21 82 54 97 40 93 71 6 32 96 74 78 50 64 85 88 45 18 51 14 56 20 57 100 
98 27 25 49 59 64 101 96 11 100 88 38 105 95 1 18 37 77 91 5 13 16 29 66 43 24 86 17 7 51 83 60 87 33 36 19 21 62 39 47 34 72 42 57 84 54 14 80 89 69 12 102 67 70 75 94 92 71 46 48 55 35 22 52 10 74 3 73 53 103 56 65 78 4 50 28 104 81 9 79 93 63 15 99 58 23 8 97 2 6 0 31 106 90 32 61 44 45 20 41 26 30 76 85 40 82 68 
9 3 71 51 87 106 31 23 38 46 41 92 56 45 39 70 99 34 26 78 0 96 64 58 32 36 6 21 22 28 59 85 43 15 42 29 103 11 105 84 97 48 44 53 55 13 80 37 74 66 4 60 76 69 93 72 102 47 63 57 62 40 35 68 73 75 19 16 24 91 27 2 88 83 81 101 54 20 14 79 10 90 100 77 49 98 30 33 17 12 94 18 5 8 52 50 25 95 67 104 82 65 86 1 61 89 7 
33 82 103 35 59 1 99 104 70 54 16 14 5 72 88 27 28 86 2 91 4 24 49 42 25 22 96 29 56 3 37 75 12 44 67 78 19 94 58 48 43 23 79 93 36 65 34 53 0 7 74 10 26 71 21 32 46 87 105 47 38 85 73 61 98 8 106 30 68 102 50 45 76 95 62 90 92 6 100 18 15 77 63 40 66 57 13 69 60 80 17 97 64 9 81 55 89 51 84 101 83 31 20 52 11 41 39 
44 50 81 10 73 48 98 84 25 14 23 13 77 47 88 86 11 27 9 22 68 30 4 55 1 42 64 35 0 90 63 21 65 5 32 54 83 80 15 59 7 56 16 61 75 66 105 95 28 38 43 92 76 34 87 49 33 67 82 101 60 46 93 78 18 3 96 69 91 6 99 85 12 19 74 102 62 97 8 89 104 17 51 29 94 72 53 71 70 37 52 79 20 103 106 36 58 26 2 24 41 39 40 31 100 45 57 
27 6 3 7 13 25 101 33 19 12 61 8 52 49 60 77 17 105 21 93 94 84 11 72 1 97 51 26 81 86 55 44 79 34 37 4 63 100 80 78 82 67 70 46 41 0 31 45 5 68 50 18 104 88 30 29 69 48 57 62 42 75 20 15 106 14 28 83 102 24 73 65 89 53 10 9 98 2 87 59 40 35 43 92 64 16 38 90 32 66 39 85 71 91 54 95 103 22 96 74 58 76 36 99 47 56 23 
69 48 86 76 31 47 58 49 16 63 53 7 18 79 55 29 88 72 40 77 28 1 65 41 51 13 3 17 12 98 57 30 87 45 90 11 84 74 0 95 106 33 10 21 19 71 34 101 44 93 104 35 20 94 46 91 61 9 75 36 5 80 15 4 99 103 66 68 14 82 78 70 60 26 52 96 27 32 59 97 2 37 25 83 50 43 23 54 102 22 67 39 6 105 8 92 38 100 89 73 85 42 64 62 81 56 24 
82 98 6 72 34 13 39 32 75 41 56 88 99 68 7 42 102 9 58 92 71 77 20 86 44 18 51 22 35 65 94 40 26 83 31 81 12 37 93 61 10 29 84 4 62 57 48 45 97 24 70 101 95 64 73 8 0 87 90 30 80 63 76 104 38 89 105 17 21 53 2 55 25 36 1 19 67 103 33 69 85 49 50 28 96 79 100 66 14 23 11 74 3 5 54 16 106 52 78 46 91 60 43 59 27 15 47 
2 67 61 66 72 27 44 22 76 58 70 4 18 55 42 64 65 38 43 77 100 45 73 56 12 49 86 87 54 32 21 53 33 79 30 40 94 34 85 9 90 28 106 46 10 93 57 52 81 74 102 5 83 47 26 104 25 20 37 1 0 16 17 97 95 103 8 88 35 82 84 75 96 80 105 31 39 78 19 60 63 36 98 99 23 7 71 13 24 62 92 69 101 6 29 14 15 48 51 59 89 91 11 50 68 41 3 
79 63 3 24 0 44 69 65 48 11 13 35 32 96 60 57 97 46 95 106 26 94 41 30 14 40 47 20 102 34 49 6 50 99 75 7 29 73 88 53 15 36 81 9 58 31 19 61 52 25 93 2 10 80 18 72 86 21 39 23 100 67 33 84 92 28 68 89 71 70 76 12 51 83 74 101 105 43 1 82 78 17 103 45 8 38 42 77 54 66 56 27 98 55 22 90 4 16 104 37 87 5 62 91 64 59 85 
41 32 36 58 78 69 19 83 72 79 71 8 1 24 15 29 105 5 9 96 4 94 70 13 102 52 0 34 97 53 67 33 91 16 57 39 68 93 35 7 50 42 86 37 88 87 14 31 48 44 99 77 98 18 28 60 56 59 101 80 76 103 6 64 47 75 22 63 38 43 73 54 90 45 10 55 66 46 81 12 26 92 25 27 104 40 20 85 106 2 74 61 65 51 11 62 21 23 3 100 95 89 30 49 82 84 17 
97 39 68 38 17 19 13 67 34 33 89 50 80 71 94 85 75 90 61 31 1 102 81 60 49 93 5 44 106 3 91 77 25 20 47 15 22 57 12 37 16 42 9 84 6 28 66 56 73 96 79 46 48 30 36 45 55 4 23 70 64 24 10 76 63 104 41 51 92 14 105 87 11 95 98 72 8 40 58 26 32 29 74 65 52 2 99 86 18 27 54 88 7 53 101 62 82 103 43 83 59 0 78 69 21 35 100 
102 78 38 100 29 14 94 18 31 67 33 61 46 17 105 1 32 79 22 24 43 56 3 70 91 103 72 19 101 34 39 65 95 35 11 88 41 21 89 6 8 44 97 71 69 23 51 28 82 59 57 58 13 52 77 2 68 26 84 92 87 66 63 86 10 15 83 42 45 60 53 62 98 73 90 20 93 30 74 54 0 48 9 4 5 80 85 40 106 7 25 47 12 55 50 81 16 96 36 49 64 37 104 99 75 76 27 
104 58 82 105 26 103 84 54 46 83 6 69 74 29 78 10 64 67 94 39 7 47 98 40 77 23 91 60 50 99 96 14 53 75 56 13 72 88 68 97 79 49 31 45 44 95 51 25 55 35 18 102 4 8 17 16 87 100 36 48 66 90 28 86 41 52 85 101 37 71 9 3 61 92 63 0 73 59 76 81 15 89 93 33 12 20 65 21 106 1 5 32 70 19 34 2 38 22 62 57 43 42 27 11 30 24 80 
50 5 29 88 30 23 62 89 79 71 8 27 58 1 14 84 64 35 4 87 95 15 55 91 86 2 72 12 9 40 24 6 78 26 54 83 53 11 42 56 25 59 46 96 99 52 74 44 67 63 33 85 73 103 92 18 57 97 100 7 47 76 68 106 43 0 80 65 20 90 34 105 61 3 102 98 28 51 21 13 60 32 49 37 104 94 16 48 19 82 22 77 38 81 39 10 66 69 45 36 75 17 93 31 101 41 70 
39 105 90 85 45 93 98 10 80 95 100 52 12 25 16 79 106 19 5 68 56 73 70 3 92 101 27 33 0 55 96 63 8 40 28 14 51 36 7 59 81 58 24 62 43 102 13 41 60 104 31 65 26 77 91 49 57 9 99 46 18 37 89 78 23 67 44 66 50 38 17 2 53 94 42 54 11 4 34 30 103 87 22 1 86 20 35 64 29 32 48 61 72 21 83 6 82 75 69 71 15 76 84 47 74 97 88 
38 95 106 103 43 17 79 44 97 11 29 9 35 71 64 31 10 8 51 66 53 89 23 1 67 22 62 91 88 25 50 104 99 75 40 78 47 68 87 84 92 41 37 39 83 80 69 30 93 28 13 70 19 24 46 42 105 58 74 14 36 94 2 101 73 102 72 4 12 45 76 21 0 98 100 61 65 57 54 48 59 96 55 15 63 26 56 32 34 52 6 20 33 49 81 85 3 90 5 82 7 27 18 86 77 16 60 
25 86 14 77 80 38 87 75 50 19 93 88 32 55 57 0 18 66 76 104 47 3 58 13 63 70 95 7 83 71 42 102 69 97 78 92 79 72 45 24 4 54 105 17 27 16 35 74 48 61 41 56 20 82 44 96 34 52 40 23 2 98 106 85 33 62 37 28 6 51 12 84 100 31 73 46 26 94 53 90 43 89 22 91 59 30 15 11 60 8 64 49 21 5 81 67 36 65 39 29 103 10 101 99 1 68 9 
67 82 99 71 38 70 104 74 40 103 4 5 77 19 16 105 100 15 60 91 22 81 3 69 87 62 14 9 21 18 106 2 94 96 23 11 83 97 92 80 56 48 0 95 25 13 17 72 63 33 53 90 1 65 55 51 44 30 10 64 24 75 84 76 39 68 7 50 37 43 8 35 102 12 89 46 52 20 73 47 28 57 79 49 93 36 42 26 101 34 88 86 59 85 78 41 29 66 54 98 58 61 32 27 6 31 45 
16 82 75 14 47 38 13 95 48 103 17 60 59 36 53 6 102 50 89 12 37 68 72 85 101 5 92 62 81 11 54 31 23 65 67 45 51 63 88 61 99 83 18 26 40 93 27 10 78 44 76 104 79 70 22 25 91 34 3 4 8 77 90 42 32 41 94 0 39 66 43 105 57 49 106 96 35 73 69 87 64 86 15 21 80 9 2 52 7 30 20 71 56 100 33 28 1 24 55 84 97 74 29 98 58 19 46 
9 27 47 12 96 21 68 53 97 50 71 44 48 67 60 8 100 74 20 95 62 64 87 58 90 16 13 32 91 103 25 39 29 34 3 52 94 28 36 14 42 75 92 17 19 61 35 65 83 7 70 73 99 55 41 56 82 98 43 84 66 1 106 0 88 72 49 6 18 54 15 30 93 63 104 23 33 101 77 81 11 22 85 102 31 2 26 69 45 4 46 57 78 86 51 89 80 79 5 38 10 40 76 105 37 24 59 
39 40 32 83 52 14 55 48 73 81 18 58 66 69 15 35 9 30 12 37 96 19 29 53 1 100 41 21 57 24 79 11 28 50 38 10 56 86 68 70 78 103 63 88 5 62 90 85 102 77 80 59 87 22 104 74 3 98 64 97 34 26 51 65 106 94 31 45 99 75 60 33 42 89 16 67 92 91 23 8 25 61 49 47 82 71 27 46 54 93 44 7 76 95 2 13 105 20 84 17 36 0 72 101 4 43 6 
79 11 36 7 54 53 84 42 87 21 70 44 74 86 78 68 93 102 35 15 45 8 18 0 58 83 80 73 99 28 64 41 23 96 91 61 52 81 105 65 1 94 85 48 39 66 72 98 46 19 71 89 20 59 76 106 25 9 90 56 6 97 12 69 77 92 63 32 43 51 75 24 60 50 47 34 103 104 27 37 38 49 101 3 22 57 17 4 67 40 14 26 100 13 33 16 82 2 62 5 88 29 31 10 55 95 30 
80 104 28 52 91 18 105 90 92 6 65 102 66 50 98 86 4 19 75 7 27 54 2 38 9 42 41 35 62 36 30 79 37 84 47 1 45 23 96 70 57 15 77 67 43 40 106 34 39 48 21 89 13 24 59 103 32 25 94 16 93 51 26 68 101 46 73 78 58 31 11 76 53 33 97 0 44 55 3 85 14 100 87 95 10 12 49 17 99 64 5 81 88 22 61 60 69 63 82 74 83 72 29 71 8 20 56 
17 96 4 93 3 68 6 47 92 66 14 88 74 25 41 89 37 46 67 54 104 83 60 105 26 34 50 30 79 75 23 5 87 44 56 43 82 57 55 32 42 8 15 53 81 70 71 101 98 31 95 7 35 73 84 38 97 22 1 61 99 106 40 16 36 52 2 58 91 33 28 85 18 0 9 12 59 86 39 21 62 64 90 102 63 65 103 27 29 20 69 13 51 78 72 45 76 94 19 77 48 24 100 80 49 11 10 
8 66 55 31 28 84 17 40 85 69 86 51 96 87 104 38 23 44 102 3 47 54 10 36 34 83 94 106 41 56 92 60 61 73 76 90 95 59 27 22 46 99 21 72 88 6 68 101 32 12 18 93 67 63 29 26 65 81 39 98 30 91 58 82 20 35 49 62 24 105 43 9 42 97 75 5 52 103 13 53 14 2 80 77 1 64 15 11 78 50 45 100 48 79 74 33 25 4 71 16 0 7 19 57 89 70 37 
9 0 39 67 43 60 70 100 48 71 102 106 41 26 7 87 74 25 23 80 51 94 53 79 34 3 49 62 84 69 47 99 90 18 98 4 96 54 14 59 30 5 93 37 63 24 11 21 35 55 75 97 77 1 27 68 73 31 38 83 72 85 61 66 103 64 15 16 36 104 13 105 57 78 28 33 29 46 89 65 40 8 6 12 20 101 45 95 81 19 2 32 56 58 42 44 50 22 82 92 88 91 52 86 76 10 17 
38 69 25 14 88 17 37 60 8 11 19 85 26 66 2 83 82 50 48 9 24 20 6 54 21 53 3 52 70 99 49 18 84 87 103 92 97 7 62 95 31 65 22 74 30 79 35 61 67 93 55 89 10 104 106 96 75 90 68 105 76 78 94 71 45 39 98 72 73 5 57 81 40 56 58 47 43 28 27 102 42 33 46 0 12 101 63 51 23 86 77 16 32 59 100 13 15 34 44 1 80 41 4 91 64 29 36 
46 90 7 29 94 45 87 95 101 76 30 54 65 37 13 67 48 103 0 77 28 106 40 62 83 16 88 104 58 19 35 99 59 44 98 42 105 52 63 102 43 1 69 33 73 80 9 97 34 14 4 17 3 82 57 70 64 74 49 12 85 11 51 91 84 79 10 55 66 5 39 26 32 31 89 15 2 27 56 8 41 18 50 25 68 72 24 38 93 71 81 6 23 100 78 47 22 92 20 61 53 86 75 96 36 60 21 
31 9 89 106 29 16 17 55 60 53 77 87 32 47 45 23 83 28 35 61 6 70 49 79 88 54 3 104 20 90 11 0 68 18 30 66 10 5 84 7 72 65 13 62 21 74 37 98 85 76 64 26 43 67 80 97 8 105 44 69 39 57 41 27 93 91 15 48 42 50 92 2 1 96 34 78 14 36 95 22 71 33 100 63 59 102 82 86 12 19 25 103 94 81 4 46 38 99 56 51 75 52 101 40 24 58 73 
42 103 33 41 75 84 1 6 102 104 46 25 58 27 10 63 2 40 52 22 90 29 78 35 70 85 49 13 60 37 77 57 28 18 68 88 55 39 16 23 36 72 32 12 97 79 64 66 3 11 95 15 9 99 61 62 80 105 44 89 96 24 53 100 98 50 92 91 82 71 83 106 38 56 48 43 30 19 7 20 26 81 69 59 74 17 21 14 76 87 51 101 73 93 31 34 5 45 94 47 0 67 54 86 4 65 8 
55 89 54 16 8 20 48 33 95 9 3 72 96 103 47 104 71 69 18 25 30 17 93 21 63 57 75 60 15 81 100 76 44 92 73 87 51 45 77 61 29 67 90 85 52 68 0 83 106 91 74 14 86 2 98 22 32 40 46 38 43 66 28 97 36 1 13 5 56 50 84 102 24 23 58 7 80 35 49 94 11 19 79 78 12 4 64 62 99 53 6 31 10 101 39 82 26 70 59 41 34 105 88 42 37 65 27 
7 91 46 4 53 59 31 78 47 18 77 45 57 5 9 93 88 35 17 20 69 95 86 6 11 73 87 15 106 71 67 25 21 96 55 48 85 28 65 90 10 61 37 72 101 14 30 97 92 89 23 40 1 43 99 39 24 98 34 105 63 0 64 70 81 83 13 66 41 104 8 60 42 50 68 94 12 26 33 62 2 29 49 32 44 58 52 79 84 22 36 16 3 56 82 54 75 19 100 51 74 102 27 76 103 80 38 
54 91 67 66 100 88 37 46 11 21 81 73 62 80 7 93 53 33 61 70 65 59 38 19 30 24 87 28 97 95 79 4 20 106 14 74 12 13 96 1 63 51 98 71 0 3 9 72 32 36 90 26 40 27 17 69 47 6 64 99 55 45 31 48 22 104 83 94 41 103 92 44 56 29 60 16 85 76 39 101 18 35 49 77 2 86 5 10 58 50 43 82 57 34 78 15 89 105 75 23 52 102 68 42 8 84 25 
