124 100
101 79 81 71 27 50 111 40 30 90 35 14 58 46 92 28 42 17 8 32 80 22 67 33 97 36 63 120 83 5 9 55 18 64 112 104 23 0 15 99 109 87 34 68 11 43 94 13 19 61 122 39 107 12 56 10 88 108 95 52 65 41 76 53 44 119 49 26 1 70 96 72 16 89 102 54 106 113 37 82 93 48 69 21 118 29 45 75 116 84 20 6 2 4 77 3 38 98 66 31 115 103 121 100 78 47 86 7 73 24 60 59 62 51 123 25 57 91 105 117 114 74 110 85 
79 117 88 45 66 91 72 51 55 26 1 86 36 61 111 4 89 114 50 41 64 103 23 7 40 101 17 49 84 39 82 12 34 29 30 93 57 44 97 110 108 48 116 9 2 115 106 123 18 71 120 5 19 122 100 105 113 22 3 83 104 28 102 69 25 112 68 74 54 47 20 73 33 8 70 15 121 37 0 81 94 98 63 65 92 24 85 6 62 67 107 46 90 13 53 38 58 32 27 75 96 16 21 99 77 60 42 43 80 31 76 59 56 11 119 118 87 52 14 95 78 35 109 10 
15 0 20 83 43 107 16 75 45 72 80 60 26 105 95 111 42 93 84 10 68 112 8 29 58 104 110 56 122 90 3 77 32 30 116 22 5 97 23 39 109 31 19 48 87 46 49 71 9 79 54 38 28 85 18 34 89 1 27 2 91 113 6 24 50 25 65 52 74 117 17 101 106 119 98 44 78 53 62 69 120 36 99 41 12 47 13 123 7 11 103 96 21 67 73 102 37 94 33 57 35 63 115 59 55 51 108 66 121 82 76 70 64 88 81 92 4 100 14 61 40 86 118 114 
32 96 64 70 33 52 42 87 58 25 95 39 17 119 1 62 27 49 108 106 7 55 9 50 53 44 29 115 21 91 23 86 4 74 98 100 105 75 19 48 82 109 107 117 88 123 73 47 51 60 63 68 114 118 45 67 120 38 22 41 122 80 111 83 28 78 37 77 31 56 43 35 69 65 13 2 116 54 104 10 72 113 84 11 30 66 20 89 59 16 14 90 3 92 99 36 8 0 5 97 102 40 12 15 71 18 76 101 34 93 79 24 61 121 57 85 110 46 81 26 103 112 94 6 
2 24 41 21 8 85 68 38 16 60 31 86 36 0 80 94 73 64 48 10 115 26 45 116 82 118 104 78 83 84 63 103 96 101 123 81 99 50 3 34 67 49 35 75 93 87 61 15 17 79 6 105 58 25 33 4 98 13 9 39 108 23 92 88 59 71 110 90 20 44 102 119 43 28 76 55 65 51 12 106 7 19 56 77 100 122 66 89 54 57 53 111 72 37 47 22 27 120 112 29 74 91 95 14 113 109 97 40 18 107 62 52 30 46 11 42 114 32 121 117 5 1 70 69 
114 102 84 44 85 32 108 34 81 23 27 104 95 4 66 54 97 2 21 121 12 47 7 45 39 61 48 88 15 64 89 117 28 19 113 87 86 109 67 55 107 50 72 120 10 69 43 22 80 51 40 26 71 99 29 20 17 110 78 73 63 92 42 75 116 82 62 105 101 18 93 25 58 36 41 9 119 8 33 6 100 118 94 106 16 70 103 11 76 30 1 56 24 53 14 90 52 38 115 91 3 46 79 111 37 57 98 35 59 83 60 13 68 112 49 123 65 77 96 122 31 74 0 5 
53 40 9 81 0 112 71 43 66 58 97 20 107 6 76 2 57 96 86 65 51 116 100 12 80 19 48 41 33 103 110 104 69 114 87 39 98 32 73 68 59 72 23 122 14 85 24 74 109 84 91 22 26 38 13 63 21 113 82 123 99 47 11 120 121 88 67 16 15 95 79 49 101 108 77 55 54 42 44 3 8 92 102 46 18 90 35 7 93 105 45 1 117 94 61 70 30 4 62 27 60 118 29 31 64 106 83 50 37 34 56 115 111 25 17 52 75 78 28 5 10 89 36 119 
64 95 39 116 98 85 87 120 81 48 45 66 75 90 65 31 72 113 38 23 60 107 58 78 3 43 84 15 70 69 17 93 89 7 117 5 20 27 37 2 63 36 51 6 21 105 111 71 53 33 34 123 8 4 86 56 32 61 121 18 73 110 0 74 119 104 101 35 59 22 80 9 67 108 46 24 79 50 52 29 106 96 47 42 26 16 114 94 103 13 76 41 88 28 77 10 30 112 115 40 92 68 14 55 102 25 122 19 100 97 83 49 91 12 82 109 57 99 11 54 1 118 62 44 
20 110 82 48 54 78 112 93 53 41 55 50 16 66 57 68 80 71 90 85 79 102 36 104 114 94 113 17 56 100 96 14 18 99 63 29 101 59 115 10 12 8 116 45 19 52 69 9 88 119 92 73 62 39 60 37 27 46 86 13 95 43 31 2 64 28 11 40 32 7 24 0 33 89 15 83 49 81 21 123 22 25 105 42 74 51 44 122 109 121 61 70 30 5 77 38 91 67 120 97 98 106 58 103 111 34 6 72 76 47 3 84 118 108 1 87 35 75 4 26 107 65 117 23 
24 95 88 34 116 65 42 2 4 104 63 51 35 8 81 56 86 33 89 70 103 114 62 38 80 96 47 92 72 118 12 61 82 75 57 54 16 93 0 27 9 7 19 31 110 122 119 106 77 23 66 22 3 18 50 113 58 99 5 26 68 10 87 37 39 123 6 73 98 29 108 84 45 46 30 100 78 112 94 105 48 17 28 117 97 69 44 120 14 41 107 79 74 15 109 25 40 53 11 90 121 85 13 20 36 52 83 101 91 64 102 1 49 71 76 60 55 115 21 111 59 67 32 43 
60 41 51 29 39 64 47 93 59 65 79 6 75 20 52 45 112 110 3 35 63 120 9 53 88 89 15 34 109 106 0 118 26 123 121 49 8 78 70 33 66 99 69 71 104 43 72 40 107 57 2 38 10 92 37 117 56 100 103 98 18 119 116 82 23 21 44 96 22 19 17 16 27 14 95 85 76 113 62 25 7 12 11 48 73 91 101 5 115 94 1 54 4 13 46 28 68 58 24 80 102 50 108 67 74 87 81 114 31 36 32 122 105 111 84 83 77 61 55 42 90 30 97 86 
42 16 10 25 26 76 84 30 27 38 15 22 114 18 66 50 120 90 5 74 54 24 70 23 46 71 105 8 41 55 122 85 118 59 36 28 98 121 4 86 0 11 111 93 52 7 49 19 45 65 12 31 75 68 123 83 20 81 89 47 48 39 79 6 56 110 67 99 106 109 40 82 78 61 21 44 103 33 107 91 14 53 117 94 32 119 29 62 2 60 43 88 100 37 92 58 113 63 96 104 64 101 102 112 57 51 80 108 3 87 72 77 116 73 95 35 115 1 97 13 17 9 69 34 
63 47 111 58 73 102 43 109 52 12 49 88 4 42 77 13 30 123 120 74 33 38 61 55 46 64 71 104 75 76 113 18 70 100 122 36 3 31 44 97 39 92 23 83 54 40 85 35 16 5 114 53 81 26 99 11 50 91 69 110 94 80 48 7 68 84 45 60 106 41 17 79 116 95 86 19 24 29 108 82 93 28 118 25 107 6 90 15 2 57 62 20 67 65 27 9 115 96 72 59 78 21 1 22 66 98 56 0 87 119 121 89 101 10 51 103 105 34 37 117 14 112 32 8 
83 0 116 82 43 72 65 6 102 45 71 18 110 42 98 46 37 93 19 30 103 84 74 63 3 16 113 97 59 34 106 10 121 33 52 21 24 68 9 123 22 73 57 105 80 31 81 120 5 99 55 54 25 118 62 115 4 94 111 95 47 12 69 79 40 86 100 88 8 27 58 107 49 7 109 89 78 38 60 28 70 122 15 114 13 56 14 112 1 108 75 67 77 91 20 90 41 2 66 76 36 23 51 44 11 61 29 96 87 17 101 104 26 85 117 53 32 64 92 48 50 119 39 35 
63 102 116 34 78 23 50 104 91 112 10 2 105 51 65 98 26 113 66 56 121 14 81 108 55 71 120 57 82 38 93 42 73 74 11 62 58 43 119 46 86 44 48 123 89 69 118 54 35 36 67 12 115 6 70 106 4 79 75 20 37 61 94 16 122 18 32 103 109 45 114 87 107 33 1 111 72 3 5 49 52 28 8 110 25 64 39 31 95 19 24 30 83 53 92 101 9 117 100 59 0 60 80 22 29 90 85 76 96 21 13 84 68 17 15 99 27 7 41 40 88 47 97 77 
76 107 43 23 97 55 19 32 8 0 91 53 109 100 52 12 70 101 122 57 74 68 30 69 106 7 1 24 27 82 15 65 75 49 18 34 94 93 81 6 90 99 61 33 16 78 63 66 58 83 123 105 67 38 4 48 36 10 42 119 5 98 120 26 102 60 54 89 35 88 44 56 117 92 31 116 73 37 29 3 14 86 20 46 39 108 50 95 77 115 47 103 104 59 80 25 111 84 64 113 87 21 62 28 71 96 118 11 79 9 72 2 121 13 22 41 114 17 85 51 110 112 40 45 
6 98 80 104 88 101 17 48 99 96 8 51 93 50 70 85 53 77 107 63 97 82 46 49 86 30 62 84 9 91 76 43 69 33 11 79 94 36 83 122 0 121 55 10 52 113 37 102 106 110 1 68 81 15 18 66 120 5 29 59 41 23 12 28 20 26 3 75 40 61 19 100 105 118 32 114 54 116 21 7 89 108 2 90 57 87 39 119 25 65 109 60 73 64 95 34 112 56 67 22 117 103 4 123 58 35 44 72 92 74 45 16 31 115 78 38 42 111 13 27 14 71 24 47 
0 31 108 12 66 9 98 112 122 84 75 60 18 65 47 115 70 94 57 46 35 27 76 90 100 89 104 33 103 3 7 1 88 83 58 2 95 68 53 62 67 111 105 106 48 91 123 74 26 110 20 19 39 79 15 36 8 77 59 24 96 13 82 10 29 23 97 116 6 92 16 63 49 80 120 101 43 30 72 44 93 69 113 25 37 32 45 81 21 118 11 22 40 107 38 50 114 117 42 54 86 78 17 102 99 73 119 52 64 87 55 85 14 41 51 61 28 71 109 121 4 56 34 5 
46 53 67 1 34 40 71 61 3 0 100 79 118 25 122 47 83 35 42 33 98 87 24 13 104 69 97 57 88 44 66 8 76 22 106 50 9 19 84 11 116 82 86 16 14 20 72 114 78 65 99 18 55 63 29 2 10 56 41 64 54 112 36 28 109 38 15 70 52 43 12 58 93 85 107 17 5 105 26 51 27 4 21 120 102 80 91 92 73 77 23 123 6 95 37 62 32 81 75 45 68 110 117 101 96 103 7 90 121 89 49 113 119 94 74 39 48 59 111 30 115 31 108 60 
11 74 40 18 42 88 29 92 53 111 58 106 16 30 71 96 76 9 91 23 112 73 1 98 65 8 35 79 102 24 31 82 108 5 66 87 90 116 39 80 101 118 17 28 41 60 48 34 43 120 105 117 27 15 119 99 64 6 12 2 110 32 114 14 86 22 54 46 3 7 61 55 52 26 81 121 50 85 56 13 95 115 104 49 37 19 36 89 59 113 122 44 103 63 47 107 45 57 123 68 83 4 62 38 84 69 20 33 93 70 25 77 100 0 75 72 10 51 67 21 109 94 97 78 
98 32 86 62 44 92 72 100 114 35 96 25 102 60 41 58 36 1 61 12 116 95 71 26 48 56 52 88 57 24 14 123 119 17 51 108 22 27 53 107 46 20 33 94 120 112 45 93 59 111 80 106 118 117 30 66 19 2 81 101 70 23 16 40 47 8 115 122 11 89 78 64 21 74 69 13 15 34 67 55 28 104 9 3 5 31 18 87 50 105 75 37 84 4 42 82 10 109 76 90 73 121 39 99 113 68 63 91 77 43 38 85 54 6 49 110 7 103 65 97 0 83 79 29 
42 103 50 25 14 81 55 78 110 84 16 74 6 44 90 51 1 31 54 10 27 93 70 15 38 49 64 77 100 20 45 22 28 107 8 26 68 19 0 96 85 53 4 61 60 36 35 119 24 120 108 9 115 46 66 40 104 18 112 56 58 86 21 79 43 39 75 99 95 32 98 41 37 91 122 111 13 33 3 121 30 102 82 5 59 123 92 87 7 89 88 48 118 83 106 71 52 2 12 69 72 80 76 67 62 17 113 97 11 29 65 23 94 63 101 117 57 105 73 34 114 109 116 47 
55 64 16 103 122 33 96 77 35 10 41 56 1 37 3 112 79 110 69 39 73 78 22 102 113 91 59 81 43 120 57 98 46 50 68 72 88 17 7 60 108 99 66 42 114 80 63 25 48 92 67 6 20 106 75 111 0 4 84 14 70 117 105 9 121 5 30 118 93 95 13 53 45 34 54 107 86 100 36 44 23 58 82 94 83 11 65 12 15 51 87 61 18 52 71 27 2 85 24 76 104 109 40 47 119 89 90 38 8 116 28 62 26 97 115 74 32 49 21 123 19 101 29 31 
122 35 94 95 47 33 1 43 36 3 10 28 6 81 39 41 20 64 52 87 32 104 105 57 70 4 51 96 38 53 13 115 54 75 66 112 71 16 62 107 21 103 31 84 108 55 106 42 59 27 93 23 2 8 0 121 29 68 74 22 65 83 116 77 67 91 12 98 90 24 110 44 15 72 11 56 50 48 117 119 73 17 89 97 85 9 40 123 14 100 69 109 102 63 88 18 79 37 99 60 30 78 120 45 61 80 49 111 58 34 82 114 118 46 5 25 101 86 76 92 7 26 19 113 
8 40 67 23 11 57 13 96 77 66 65 98 62 14 68 48 64 100 102 60 5 15 0 97 114 82 99 35 37 56 34 53 1 61 88 119 93 47 25 41 39 50 26 6 123 55 70 32 54 108 43 116 51 21 115 74 120 84 103 105 7 10 19 78 9 24 18 22 80 110 85 95 83 58 31 71 69 90 109 16 86 3 104 89 91 45 33 52 72 106 113 111 121 59 20 28 46 27 2 112 81 75 87 63 42 92 36 4 117 49 38 76 101 94 107 44 17 122 12 79 29 118 73 30 
88 25 2 12 90 122 53 28 114 93 86 97 9 58 11 106 111 60 10 92 117 101 87 119 107 99 1 116 100 26 29 77 82 32 21 69 35 67 34 115 7 36 38 49 108 47 23 79 44 19 62 68 24 42 6 65 13 63 102 94 18 81 72 16 5 70 40 96 91 20 104 112 83 78 75 89 55 50 22 30 33 56 46 120 52 41 109 57 37 73 85 103 80 4 66 59 121 64 43 39 76 14 54 123 48 118 84 110 0 71 45 95 61 98 8 31 74 105 113 15 51 17 3 27 
55 104 116 37 120 89 57 68 86 92 51 32 42 106 8 74 65 43 107 82 12 27 44 96 113 10 52 77 47 59 1 101 79 45 64 26 83 25 20 71 122 105 85 13 30 36 121 88 2 46 33 24 6 91 97 114 29 14 70 48 123 23 110 39 81 22 34 103 58 53 9 21 41 73 108 94 90 118 3 16 111 67 54 50 115 84 35 19 102 63 69 76 119 38 93 75 72 87 4 62 56 15 0 49 61 17 7 100 95 5 28 11 117 60 112 109 98 31 18 78 80 99 66 40 
3 63 87 33 54 102 116 59 75 36 71 11 106 109 78 9 85 72 34 113 76 122 57 121 101 82 15 31 111 66 28 88 8 112 41 84 27 80 22 68 114 49 30 14 97 38 16 119 83 52 39 46 35 81 7 107 123 65 67 51 77 44 95 62 6 117 70 118 21 50 32 90 64 42 13 69 40 108 26 1 0 4 100 12 17 23 110 105 56 120 103 48 45 104 74 19 10 96 55 58 92 89 94 91 99 53 86 93 60 37 2 5 47 73 61 20 79 43 98 115 29 24 18 25 
8 61 117 101 113 20 21 36 48 49 13 16 17 75 73 41 22 74 69 70 108 18 10 102 2 1 71 26 40 3 38 84 122 81 104 63 0 72 28 109 27 46 56 111 107 103 62 30 9 29 105 12 90 67 7 47 33 43 25 57 14 42 95 120 106 5 15 11 32 97 51 24 114 115 66 110 85 64 91 45 44 37 53 59 82 88 35 79 121 123 86 112 93 92 54 4 68 6 94 23 87 96 76 89 58 99 31 98 52 78 119 118 65 77 80 60 50 116 55 34 19 39 100 83 
56 72 116 29 112 63 25 87 104 74 46 16 11 55 110 47 108 115 2 89 20 26 92 98 17 77 22 40 45 53 3 101 122 121 82 80 113 12 114 39 19 71 49 76 109 88 18 10 14 117 0 54 13 1 100 103 105 102 70 6 65 90 75 7 42 43 64 106 97 57 35 41 119 36 27 60 107 120 69 94 33 66 67 111 123 99 44 85 62 83 81 51 93 84 58 61 118 50 5 30 32 68 79 73 15 9 91 52 21 23 37 59 86 8 78 96 38 28 4 31 24 34 95 48 
90 8 70 67 34 13 96 3 21 71 105 86 5 36 24 57 73 52 74 101 14 53 78 64 27 121 107 44 108 106 9 28 122 84 99 113 11 41 25 68 22 95 111 100 19 94 30 66 12 10 80 15 79 114 7 17 47 49 85 48 93 39 56 76 97 120 4 116 82 32 69 102 77 83 37 0 103 18 6 61 29 72 75 20 26 109 123 110 54 23 89 112 33 55 16 60 2 59 46 35 104 31 63 87 42 38 98 118 81 119 58 91 45 115 88 43 1 65 117 92 40 62 51 50 
56 78 109 90 114 35 55 61 48 103 28 1 32 99 121 42 46 119 36 4 123 68 13 39 63 102 73 82 40 117 76 70 85 80 10 0 94 57 107 67 66 25 105 74 79 64 93 111 20 49 86 6 53 118 34 72 96 8 88 92 75 77 84 108 89 12 91 81 104 47 38 59 31 33 30 18 3 98 17 54 106 116 115 58 14 52 62 100 2 112 26 110 29 71 11 16 24 44 15 27 45 122 21 19 41 101 37 51 65 43 69 22 120 113 50 7 60 23 5 83 97 95 9 87 
1 106 85 110 108 33 104 12 15 59 10 68 6 119 29 112 92 58 99 4 34 116 95 52 120 105 14 107 16 46 82 51 115 11 30 45 41 90 76 44 25 26 60 98 97 117 13 75 80 54 18 69 50 43 49 37 56 17 31 114 94 64 19 7 72 35 102 28 67 2 122 81 57 121 47 100 40 36 5 118 89 9 23 8 71 93 111 74 88 24 27 62 21 77 103 73 63 48 83 109 123 22 20 42 91 101 55 113 32 66 39 78 86 79 87 61 65 70 0 53 96 84 3 38 
108 41 61 109 85 31 50 0 123 33 43 77 35 39 112 47 67 95 84 64 103 83 42 57 30 101 115 14 73 54 69 65 53 40 119 118 18 97 6 72 11 70 91 9 17 13 116 90 60 68 79 66 76 32 74 46 22 45 3 4 88 51 71 62 49 58 105 122 117 92 12 48 110 87 23 114 2 94 36 1 8 21 98 75 25 111 121 82 37 56 10 27 120 99 28 5 107 80 44 78 20 81 100 55 7 24 113 104 63 15 19 59 96 38 102 34 86 52 89 106 16 93 26 29 
53 12 41 31 93 116 84 19 27 75 2 90 63 102 89 98 108 61 47 77 0 46 33 26 1 3 121 79 65 20 101 37 111 28 59 43 74 87 64 91 29 122 32 82 81 6 8 21 117 119 14 9 109 5 15 39 34 123 106 35 52 115 38 54 44 62 97 67 118 49 36 103 68 4 110 60 120 76 113 112 80 66 7 22 88 23 24 83 73 105 100 85 107 78 50 57 71 40 72 11 95 25 58 96 94 17 18 55 56 13 114 70 10 42 48 16 69 30 45 86 92 99 51 104 
101 1 72 75 97 3 82 102 96 85 118 6 22 115 89 69 78 9 83 45 65 50 13 7 113 121 74 56 60 19 17 51 48 66 94 11 31 77 38 28 107 67 25 103 98 43 27 64 41 92 57 105 34 47 32 33 49 95 68 91 117 61 20 100 18 23 86 122 109 123 106 54 30 59 104 10 90 110 120 44 12 114 119 55 87 73 8 15 71 111 16 76 4 42 37 99 84 108 0 53 80 21 40 63 36 88 29 79 62 46 26 81 5 52 35 2 116 93 14 70 24 58 112 39 
86 62 60 96 81 16 23 99 68 103 74 36 28 94 26 90 53 112 107 121 1 92 105 98 56 48 67 52 76 102 66 30 84 27 19 69 5 10 115 55 57 44 41 97 85 87 31 0 119 77 34 58 89 83 72 108 37 63 116 8 93 79 25 95 4 20 59 123 29 3 43 32 113 54 65 6 82 12 2 24 42 21 50 73 70 122 46 120 91 33 49 106 111 38 17 39 71 117 18 88 118 61 40 114 35 80 7 11 78 100 47 109 15 22 45 9 75 104 13 51 110 64 14 101 
74 19 91 25 99 22 43 105 55 16 36 46 90 109 110 121 77 98 107 106 37 112 101 3 80 73 57 68 32 66 103 119 104 100 95 81 116 31 64 17 50 53 97 61 9 56 84 78 122 71 86 34 15 52 14 75 20 26 89 117 113 2 39 118 28 6 65 69 87 24 92 30 11 5 79 7 33 41 38 13 58 42 23 120 114 35 85 108 10 93 60 45 1 62 67 115 44 72 47 94 12 111 82 88 76 123 59 63 70 83 51 49 40 27 18 54 48 4 21 102 29 8 0 96 
18 36 118 19 96 90 28 113 1 46 95 9 117 44 115 91 47 35 20 11 26 107 105 61 58 87 89 94 7 69 123 55 32 77 24 40 48 14 82 74 16 31 6 121 54 101 60 62 45 15 104 21 75 120 33 83 8 17 103 93 50 109 23 43 81 65 41 27 110 79 119 85 100 102 70 29 122 22 112 4 39 42 2 37 30 76 98 114 68 108 97 78 84 56 64 71 86 49 106 10 53 59 72 57 52 92 51 63 67 66 3 13 25 80 111 12 116 5 0 88 73 99 38 34 
111 11 84 89 9 57 92 30 55 54 45 88 100 122 46 102 101 49 50 63 83 80 121 35 77 90 105 3 29 114 32 48 23 112 47 42 107 0 70 10 65 12 18 53 113 75 109 91 108 81 85 117 38 115 67 24 26 7 110 27 56 25 41 8 15 2 61 86 4 94 104 99 21 44 13 118 51 116 103 33 82 123 17 73 22 5 97 34 16 120 39 58 62 6 79 106 37 20 43 1 96 66 76 95 36 72 14 74 71 98 69 78 87 31 93 19 52 28 60 119 59 68 40 64 
122 38 118 68 24 55 65 110 78 2 89 25 37 90 71 103 100 41 32 106 112 46 47 43 52 54 3 59 79 66 4 95 109 111 27 105 30 82 14 19 85 33 60 57 61 12 121 87 120 40 18 28 88 74 5 39 101 1 80 56 22 119 31 0 102 69 35 76 86 97 44 42 83 67 113 45 123 99 98 75 29 64 15 21 7 13 49 116 104 96 117 10 81 26 108 72 94 36 50 91 62 107 92 53 77 114 73 70 34 48 84 8 11 51 63 115 23 20 17 58 93 9 6 16 
85 22 86 116 75 112 94 14 115 108 103 89 82 109 40 58 45 12 17 31 92 7 49 83 36 35 110 77 87 119 55 47 24 123 6 38 113 50 52 78 21 18 79 51 121 28 16 120 8 73 106 54 23 67 96 122 41 5 69 70 42 1 104 114 81 37 56 57 46 43 99 32 3 0 15 91 62 44 118 27 10 93 2 59 30 20 72 95 26 66 4 19 117 105 111 33 102 76 74 100 84 25 65 97 88 9 29 53 71 39 11 13 90 64 34 107 61 98 63 101 60 68 48 80 
24 76 68 88 34 96 119 58 84 36 83 51 92 28 25 72 57 86 33 55 108 103 73 29 69 106 100 5 115 26 32 42 9 45 111 3 79 78 82 71 49 15 54 4 59 110 118 47 97 46 113 123 89 93 74 75 63 105 21 6 116 94 81 1 104 101 22 98 62 91 52 53 114 120 13 109 48 80 65 18 2 61 20 50 31 27 44 70 67 37 43 39 7 87 112 95 56 8 17 38 66 90 12 122 99 30 40 85 77 107 35 102 64 23 117 41 121 10 11 16 19 0 60 14 
117 14 55 42 21 7 61 27 65 43 66 3 54 108 67 53 72 11 113 8 84 73 74 32 123 33 37 92 47 56 40 89 115 36 87 95 28 45 98 35 16 107 76 77 122 97 29 69 9 25 116 88 75 49 109 86 51 119 34 52 31 41 103 104 100 48 62 93 106 57 105 81 118 12 96 111 38 102 50 15 46 99 94 80 5 13 112 120 19 58 39 10 68 63 121 26 70 44 0 101 2 85 22 24 82 1 4 71 59 83 79 110 23 60 64 91 90 30 18 6 17 114 20 78 
71 18 64 92 84 106 31 33 93 45 57 80 7 105 44 66 13 68 15 16 40 88 22 10 90 2 11 99 86 5 89 77 9 101 60 103 55 63 37 108 30 53 67 118 62 117 21 100 114 109 28 94 81 52 95 25 1 115 58 82 0 50 111 120 102 78 34 97 69 91 8 122 27 107 4 54 110 3 104 36 98 14 121 112 46 76 74 59 19 116 75 49 17 119 87 38 32 96 61 113 41 51 83 12 73 29 47 20 6 48 42 72 24 70 26 43 23 85 39 65 35 123 79 56 
84 10 89 121 100 29 32 43 64 15 35 90 92 56 40 3 49 24 5 46 8 103 109 7 108 44 12 11 106 30 73 55 85 4 14 66 63 113 41 38 50 1 112 21 102 27 76 57 2 77 87 36 104 59 67 82 52 94 16 120 93 96 42 122 22 31 105 34 111 25 47 123 60 65 20 72 53 58 81 107 48 68 62 79 33 70 69 23 83 114 0 95 118 71 119 86 74 115 80 28 39 110 13 99 17 75 61 97 19 78 37 45 117 26 51 98 9 101 91 18 116 6 54 88 
55 56 36 121 64 86 26 32 16 41 9 83 82 1 99 114 27 123 43 39 70 58 51 37 68 28 5 98 103 115 21 84 52 19 119 118 105 122 60 89 53 57 11 95 40 80 100 97 22 23 81 48 12 38 44 59 113 47 96 3 88 75 20 13 0 94 10 25 6 14 108 107 50 71 77 54 106 33 73 101 34 120 66 67 4 46 117 90 42 78 76 87 85 102 69 63 116 35 111 91 112 104 74 62 65 109 31 2 93 29 24 18 110 49 79 45 15 61 17 8 72 30 7 92 
90 98 26 23 49 76 85 114 83 116 95 60 53 73 29 117 70 33 11 37 8 20 9 108 102 3 86 25 111 36 87 47 12 121 31 18 16 32 55 77 22 28 119 52 13 67 105 40 30 42 115 63 68 45 93 74 113 75 78 61 91 92 0 118 72 1 56 7 38 123 100 43 96 101 46 24 14 41 84 106 59 103 15 66 110 89 50 4 51 64 81 27 88 99 80 35 104 79 71 122 69 39 65 120 48 109 54 2 107 82 17 58 94 62 5 97 34 21 44 6 10 57 19 112 
53 75 103 83 58 59 116 65 120 121 47 34 57 106 118 112 30 68 123 27 55 17 11 63 110 114 91 6 9 92 16 105 36 41 20 87 35 15 48 97 67 29 39 45 0 1 61 90 85 54 74 70 14 102 113 66 96 76 33 43 7 77 4 64 49 122 115 40 60 8 44 56 3 24 31 21 100 104 80 18 95 23 69 117 79 81 78 46 51 19 12 28 86 2 93 109 72 108 119 82 101 62 84 107 37 98 99 52 13 50 32 25 111 94 5 88 10 73 71 38 26 42 89 22 
21 50 81 48 115 3 99 46 24 11 39 63 103 31 71 27 44 85 78 64 121 12 30 54 33 22 2 5 57 61 110 119 65 112 68 37 108 10 59 67 74 13 20 28 83 4 79 0 76 114 6 72 7 58 41 96 23 113 109 38 87 73 116 53 52 102 55 95 66 77 100 49 8 75 25 106 40 17 105 104 47 117 16 94 88 118 123 62 122 29 1 36 89 35 91 15 19 82 70 84 45 51 69 18 56 93 43 98 107 34 9 80 97 120 14 86 111 32 90 26 60 101 92 42 
95 63 68 89 36 97 27 48 35 78 57 61 73 26 91 106 53 16 59 52 6 121 75 65 7 96 62 72 29 84 12 42 58 109 60 102 76 49 54 28 117 0 93 21 20 1 94 74 116 14 119 88 34 67 22 120 37 108 4 71 51 70 56 11 85 17 105 32 33 64 41 50 90 45 111 123 3 9 82 18 39 55 110 118 15 83 8 23 44 66 101 47 40 13 98 46 87 10 19 43 104 79 38 113 31 107 24 86 92 69 77 25 114 81 100 122 80 30 115 99 112 5 2 103 
94 51 34 43 102 39 54 3 35 47 1 82 115 79 104 8 111 61 32 114 29 74 112 116 68 65 45 95 22 63 53 77 17 109 123 78 70 110 69 64 80 107 106 21 117 119 59 36 96 28 49 13 103 97 38 42 57 9 67 6 75 108 87 5 16 50 58 85 55 44 18 62 2 52 10 98 7 46 81 26 33 88 86 72 93 15 76 60 24 23 40 120 31 41 122 56 37 48 90 14 89 100 83 91 66 19 11 20 92 12 25 101 27 121 73 118 105 30 71 113 99 0 84 4 
10 30 76 36 84 37 22 11 72 74 63 59 2 108 47 115 45 26 112 70 67 120 15 97 73 85 16 62 82 117 50 80 39 101 9 7 60 61 35 8 44 14 25 116 90 64 110 123 100 75 86 0 3 4 28 33 40 88 48 71 83 56 53 99 121 19 66 95 119 79 114 5 12 105 46 23 102 118 98 51 107 65 77 57 32 91 43 27 111 78 49 93 34 81 55 29 94 69 42 113 52 58 38 6 109 106 87 17 122 89 18 54 104 1 96 31 24 13 20 68 92 21 41 103 
17 97 92 64 71 113 46 12 48 105 85 89 25 37 104 41 114 67 27 95 75 30 19 28 24 45 44 100 47 88 23 83 123 117 78 118 73 61 70 116 50 62 40 58 9 90 102 121 112 55 4 0 20 31 33 57 34 76 80 52 5 68 1 51 11 49 96 74 120 13 2 103 21 54 77 106 38 16 82 72 59 93 7 98 107 119 36 63 111 108 22 6 10 8 42 122 87 14 86 26 79 32 29 60 109 18 84 15 101 94 81 69 43 35 99 53 91 65 39 3 56 66 115 110 
45 55 11 4 49 118 35 7 52 63 31 3 8 104 53 39 120 44 123 113 94 30 58 108 115 21 24 107 84 83 20 72 48 62 119 121 56 46 106 109 15 60 14 65 85 112 13 99 69 5 96 102 22 38 54 87 28 18 26 43 91 66 90 97 82 67 29 57 73 19 16 93 0 79 114 110 42 27 95 40 50 92 9 74 100 41 33 78 116 75 23 86 80 122 34 77 17 36 61 89 103 47 25 1 101 64 59 2 98 32 10 6 88 12 117 111 76 37 71 70 51 81 105 68 
71 33 56 8 6 99 107 98 61 26 21 109 47 65 76 42 55 91 12 89 72 34 15 110 117 28 82 78 30 103 90 112 113 96 75 79 60 97 20 41 2 32 36 48 37 39 43 102 66 93 1 5 81 11 52 92 105 51 9 69 77 18 46 84 68 54 49 73 119 13 114 111 123 25 115 31 67 16 14 24 23 94 53 29 87 44 101 104 85 40 27 22 7 38 100 17 57 118 45 122 106 63 88 62 108 50 3 4 59 120 70 19 80 0 83 95 86 35 64 58 10 121 116 74 
17 123 45 22 1 18 116 44 54 104 59 33 91 111 75 27 85 105 115 19 81 114 96 16 122 110 12 8 25 87 63 32 11 42 117 13 7 112 70 30 69 66 43 84 95 93 76 82 3 39 107 47 31 34 9 28 24 61 83 98 68 121 20 72 55 106 2 92 90 77 49 79 65 6 97 109 26 67 74 62 36 60 29 101 119 108 41 94 15 4 50 35 56 38 89 103 118 71 102 78 88 0 57 37 86 23 51 99 46 40 100 64 10 48 113 52 73 14 120 21 58 5 80 53 
28 56 83 58 77 121 117 29 80 50 41 39 51 85 7 11 12 86 71 64 14 97 59 46 43 110 36 24 116 68 32 48 44 120 102 66 0 53 103 115 99 87 40 67 54 73 26 31 123 74 34 122 1 95 15 101 52 62 60 94 8 35 76 114 18 22 38 119 90 20 81 63 92 106 88 72 113 78 25 6 93 111 109 118 21 107 91 42 55 96 23 33 82 17 47 98 65 61 3 19 79 108 89 70 4 105 84 30 2 27 112 10 13 100 16 9 45 5 57 104 69 49 37 75 
56 4 118 107 74 9 51 12 94 46 41 86 70 102 90 63 114 120 44 7 65 8 99 122 97 54 36 33 22 37 17 16 119 85 79 24 61 80 59 123 34 101 110 96 109 23 82 1 83 88 68 98 92 40 21 42 87 50 3 30 6 104 32 60 0 15 48 105 58 121 93 11 112 47 103 75 116 26 45 115 111 89 20 77 91 55 100 18 78 117 95 69 108 66 113 2 64 31 29 84 106 19 35 73 39 25 28 5 76 13 10 81 43 38 67 72 49 57 52 62 14 71 53 27 
99 49 84 85 74 18 56 51 93 108 121 47 8 78 66 45 111 86 102 20 110 19 83 59 101 105 14 76 27 13 103 52 72 116 64 24 114 68 6 28 36 33 113 98 104 87 23 30 38 90 120 65 48 97 34 42 3 31 106 26 22 29 73 88 67 50 32 82 2 119 57 123 89 7 12 21 100 112 62 81 79 58 54 117 1 109 15 69 17 37 63 80 94 53 44 0 61 92 77 43 122 71 70 5 115 46 41 35 11 95 9 25 60 118 75 16 40 96 55 91 107 39 4 10 
102 3 10 74 57 122 120 29 0 97 84 107 43 47 24 5 2 26 108 13 93 51 109 53 78 67 48 9 50 69 39 123 45 8 118 41 121 104 33 89 58 71 70 37 66 27 72 96 42 17 21 18 20 98 15 79 87 83 103 19 64 75 73 113 100 68 106 14 114 4 12 62 111 11 65 31 52 86 28 77 38 95 56 117 25 92 116 110 88 76 82 91 32 119 36 34 60 30 85 115 40 81 7 1 99 59 105 112 101 44 55 23 16 22 63 90 6 35 94 61 80 49 54 46 
47 6 75 89 82 92 103 101 23 40 121 94 113 68 26 87 24 110 65 14 85 123 107 78 69 18 34 64 9 108 13 102 115 55 42 114 5 17 119 12 57 95 33 20 90 2 61 45 7 4 70 93 43 99 62 10 72 52 37 56 11 105 84 76 22 28 67 109 97 44 59 100 71 50 96 63 79 27 46 1 120 48 15 39 66 16 38 117 58 0 30 41 111 35 98 73 104 21 88 54 19 112 116 74 3 49 118 91 36 51 81 86 29 25 83 31 60 80 8 32 77 106 122 53 
2 12 101 62 54 46 67 76 75 15 100 68 97 25 78 3 117 6 96 103 23 58 80 118 81 107 53 79 29 47 18 83 5 93 69 1 28 112 19 66 120 114 110 74 70 105 116 7 88 36 121 56 11 8 60 94 35 4 92 82 108 22 61 71 89 31 99 104 0 86 48 45 50 51 106 59 41 95 26 43 17 34 98 73 113 57 39 38 14 13 72 119 21 40 20 33 65 49 64 24 111 42 123 30 10 90 102 44 122 16 55 32 109 27 9 84 63 52 85 37 91 77 115 87 
23 74 62 72 22 99 27 120 86 57 40 102 75 77 91 10 2 41 67 66 98 5 58 71 107 8 36 108 73 42 70 51 43 93 19 25 38 21 64 37 115 7 59 11 78 118 29 12 94 69 63 56 54 17 3 6 101 97 83 119 90 0 109 88 117 26 31 13 76 9 49 61 45 35 103 121 34 81 114 87 104 84 52 1 24 100 123 15 33 30 79 32 89 80 60 111 46 92 95 82 48 68 96 28 110 113 55 18 122 116 85 39 4 16 105 65 20 112 53 47 106 44 50 14 
103 111 52 119 82 123 7 107 10 121 6 117 88 37 43 115 118 14 30 62 81 102 32 11 35 75 41 44 96 16 26 89 71 4 114 64 106 22 101 47 1 53 122 25 29 12 86 112 104 51 105 65 23 68 99 3 92 45 61 54 8 66 21 28 69 77 0 91 60 94 93 67 57 56 109 78 9 70 97 74 116 63 18 110 15 108 72 100 5 17 24 20 73 34 55 79 84 50 27 33 19 42 87 80 90 58 31 2 59 49 76 39 120 98 38 85 95 46 36 83 40 113 13 48 
100 5 18 92 2 11 48 13 89 65 72 122 84 63 87 38 47 28 68 121 44 29 99 57 77 20 75 7 109 23 90 93 119 67 51 41 42 91 55 36 9 79 40 98 6 35 106 86 69 95 97 45 83 12 62 105 10 66 49 53 26 19 24 59 21 110 71 111 103 30 61 34 101 14 73 43 78 116 76 15 115 118 120 82 107 112 108 39 0 117 54 1 94 50 56 27 25 22 70 46 4 64 80 8 123 104 17 37 113 32 31 81 52 74 114 58 85 102 16 33 3 88 60 96 
55 26 119 25 38 32 87 91 80 106 1 16 68 98 85 14 63 81 37 108 72 104 22 89 121 66 31 42 7 49 51 5 0 75 35 39 15 96 93 48 76 114 102 70 13 50 100 21 20 2 53 9 24 101 58 54 6 47 61 44 90 56 69 111 4 73 97 83 92 8 36 18 41 116 103 113 64 79 40 19 45 84 29 77 117 107 122 34 109 43 23 46 71 62 120 78 3 67 105 17 28 74 57 60 65 118 30 115 95 86 94 88 82 52 59 27 11 12 112 110 99 123 10 33 
89 93 5 35 91 64 119 9 63 95 78 12 81 47 41 26 46 22 74 106 111 54 19 49 55 52 98 101 113 82 20 30 53 67 28 76 14 75 69 37 17 43 92 34 84 29 107 88 48 1 116 90 97 72 109 68 8 87 11 15 65 25 56 83 50 120 59 51 96 38 122 102 108 103 77 39 62 57 23 79 6 70 4 85 66 114 61 45 40 60 32 16 31 94 73 80 18 110 58 24 42 100 121 10 115 112 44 33 0 86 2 123 21 7 105 13 117 36 104 71 27 99 118 3 
111 32 41 119 25 118 54 103 17 65 94 76 107 87 88 2 45 71 82 115 58 29 11 114 13 90 108 57 16 42 74 101 60 122 9 75 51 73 112 79 14 69 63 59 105 56 1 43 39 47 121 28 35 34 18 52 120 37 97 21 109 72 5 123 86 53 99 85 95 31 20 93 10 36 92 8 48 3 23 38 66 96 15 89 44 4 40 106 67 70 64 61 27 113 6 62 19 55 80 46 7 49 78 22 30 98 117 26 102 81 110 0 104 68 83 12 24 91 100 50 84 116 77 33 
101 72 104 97 25 80 18 55 81 116 95 41 96 1 117 48 65 98 90 70 12 93 94 79 29 58 46 59 37 16 74 76 21 34 107 6 23 33 85 17 73 40 28 113 22 78 63 30 57 47 92 4 115 53 54 61 32 39 88 121 119 75 69 86 51 122 24 11 91 56 99 2 10 14 9 13 52 118 108 20 3 7 19 111 105 45 103 71 83 38 31 84 109 49 67 60 62 27 77 106 5 44 114 42 120 87 100 64 66 123 36 112 35 43 0 89 82 26 68 50 102 8 15 110 
107 3 19 62 87 81 100 40 1 110 106 42 61 31 80 8 9 6 4 96 103 51 16 93 50 41 112 21 39 57 25 78 29 35 73 90 77 120 121 11 108 68 5 22 102 52 34 36 14 72 33 15 37 101 23 60 0 115 117 76 98 92 24 88 97 32 45 89 38 2 7 58 17 18 82 54 113 86 70 83 105 95 66 114 63 69 67 49 27 13 85 75 56 118 79 28 46 55 84 48 26 116 64 94 74 71 20 53 111 99 43 104 30 122 10 109 12 91 123 44 119 59 47 65 
80 64 83 98 34 45 6 21 88 22 10 89 16 91 65 36 94 62 2 4 53 57 99 37 63 69 49 56 109 118 5 59 58 123 54 11 46 79 18 104 28 86 68 103 119 114 87 96 55 14 105 106 66 30 110 48 90 74 0 121 51 50 32 76 38 35 9 26 24 43 85 8 19 1 122 33 13 23 120 17 67 44 31 102 3 29 60 52 101 73 42 71 117 47 116 12 112 97 92 7 93 111 115 39 77 84 113 78 72 95 70 81 61 27 20 75 108 107 40 100 25 82 41 15 
58 8 53 37 4 68 28 43 84 97 103 87 90 118 86 117 23 26 12 123 14 113 33 121 51 35 88 50 48 67 16 83 73 6 96 107 104 27 111 110 69 22 70 119 40 44 62 71 75 101 49 60 122 66 114 92 29 42 63 93 25 7 52 98 45 112 36 17 31 57 81 79 47 106 13 11 32 99 34 89 109 5 74 41 46 85 76 59 95 1 72 30 78 77 39 19 100 38 56 64 9 102 82 21 15 61 116 91 0 54 80 2 108 55 115 20 3 94 24 120 65 18 105 10 
96 38 76 32 37 77 57 99 110 47 103 86 66 72 23 55 67 28 85 8 14 17 36 73 1 70 82 80 105 51 19 97 56 71 112 6 87 119 52 95 121 92 120 88 113 0 118 13 107 116 43 39 101 34 53 3 94 2 69 48 90 100 31 44 98 7 61 12 93 115 65 33 29 74 64 54 46 114 5 83 30 16 35 26 123 45 106 81 89 60 20 15 41 4 21 102 122 117 25 78 75 50 27 18 109 10 9 49 62 111 79 59 42 22 11 108 104 68 58 84 63 24 40 91 
36 94 22 85 31 13 42 64 114 51 57 4 109 81 111 2 88 103 75 68 118 107 91 34 41 45 35 102 123 78 38 33 71 77 0 60 65 59 25 83 95 15 99 10 55 101 49 23 16 40 66 112 122 24 90 14 70 44 97 108 104 21 89 30 105 26 47 72 52 67 93 86 50 43 76 84 3 1 29 80 18 73 8 74 87 5 48 121 12 63 19 28 27 7 6 69 54 17 62 106 100 9 98 46 110 11 61 92 120 37 20 53 32 116 115 117 58 96 113 119 79 56 39 82 
41 29 91 104 78 48 9 16 79 119 37 92 21 76 56 27 120 77 58 61 98 55 111 99 10 42 15 96 3 50 73 80 117 83 57 105 23 74 85 97 12 71 68 8 14 93 36 49 60 22 87 51 72 70 52 40 4 59 11 38 25 26 100 108 5 89 39 19 109 75 90 118 88 47 106 113 43 67 35 1 107 95 115 102 121 31 54 46 114 20 32 69 17 45 2 94 81 24 33 112 82 63 6 116 86 110 18 44 30 101 53 0 64 123 66 103 84 62 7 13 65 34 28 122 
97 90 96 104 52 105 60 112 5 65 58 26 110 84 19 67 119 101 87 10 1 114 73 59 122 98 118 31 57 55 100 4 95 80 20 92 22 17 121 29 49 15 0 7 76 54 14 41 35 23 82 42 70 108 37 46 94 83 8 66 45 91 113 111 116 6 85 86 89 63 34 103 72 48 47 78 64 79 75 30 71 51 44 120 99 123 93 62 61 107 18 32 12 39 36 28 43 77 27 21 16 102 69 33 25 106 40 3 2 53 9 81 74 13 88 11 117 109 24 115 38 56 68 50 
76 30 34 33 77 3 75 44 71 68 50 72 123 5 61 55 38 2 106 36 0 87 111 43 84 89 52 69 102 28 22 42 105 62 116 110 27 99 80 98 119 73 100 112 10 16 85 67 90 66 35 26 97 114 121 53 37 12 60 45 115 88 25 113 57 18 41 109 6 11 91 23 108 56 46 29 83 14 1 101 82 118 4 24 13 92 70 63 19 39 117 7 17 8 58 94 120 59 32 86 21 20 93 15 103 65 31 95 81 40 49 104 9 78 47 96 107 54 51 64 79 48 122 74 
96 40 62 68 74 103 116 71 6 84 95 110 123 3 47 2 105 36 59 58 83 66 104 21 30 107 69 82 57 0 45 26 97 120 56 73 102 108 77 20 60 10 34 25 113 32 92 101 54 100 109 33 5 114 49 50 18 53 11 80 70 4 121 65 41 46 99 98 51 15 119 61 12 48 28 78 94 72 17 91 27 43 118 24 38 22 23 76 63 122 87 115 31 42 52 89 106 86 44 19 85 75 14 93 13 79 55 64 8 39 29 67 37 81 117 7 16 90 1 9 35 112 111 88 
17 69 14 47 24 110 29 118 87 104 42 39 45 103 22 62 70 61 83 65 38 123 101 5 44 107 7 67 3 85 81 27 37 20 16 32 117 19 92 108 95 84 79 102 122 23 93 75 2 74 115 99 114 51 59 66 121 63 77 54 113 48 80 4 105 71 64 18 89 76 68 111 12 1 58 9 46 96 36 94 50 49 34 88 57 53 60 90 33 112 30 91 26 72 97 56 109 86 100 6 119 55 25 73 10 11 82 13 0 106 31 52 43 15 78 28 120 8 21 41 40 116 98 35 
105 96 119 97 88 19 59 23 101 95 91 85 117 20 107 32 110 26 28 9 6 93 46 1 118 31 48 69 11 84 43 79 18 0 42 54 115 55 109 121 44 89 112 80 111 5 63 57 35 16 29 67 92 17 41 60 39 13 99 74 10 56 22 87 21 25 40 49 4 104 76 81 45 58 75 65 116 61 78 53 15 2 82 7 94 114 100 86 103 113 62 68 8 33 108 37 106 90 36 122 71 14 34 3 50 72 38 12 70 47 24 123 77 98 120 52 64 66 83 102 73 30 27 51 
74 93 18 4 116 84 22 81 55 31 108 103 79 95 86 38 68 75 80 119 115 10 71 67 43 83 113 57 17 56 65 77 9 62 41 2 15 123 47 64 45 90 37 46 70 97 96 99 88 51 101 118 23 91 39 59 106 8 40 89 48 33 32 92 3 25 36 1 94 50 52 35 34 105 29 121 122 120 76 100 21 111 14 107 13 114 58 6 30 5 44 24 102 19 87 7 0 66 53 73 63 112 26 12 82 61 110 42 60 85 11 16 72 98 78 104 28 27 20 49 117 69 54 109 
103 71 57 121 114 84 37 72 52 24 36 112 60 76 109 118 39 14 96 38 119 97 62 88 83 100 68 69 89 25 53 102 10 1 63 6 123 91 104 3 29 85 115 117 93 67 79 61 18 108 54 9 11 51 65 15 2 43 81 92 35 122 75 59 42 0 34 19 5 22 107 50 116 56 4 23 33 73 47 44 49 46 40 32 101 48 82 58 66 20 78 120 110 7 8 17 41 64 27 31 111 86 70 99 95 87 105 13 21 74 28 80 106 55 98 12 16 113 45 30 94 26 90 77 
31 73 20 110 18 60 32 15 70 38 11 6 58 86 55 51 69 77 65 63 33 64 83 52 87 108 85 44 66 56 94 68 75 48 23 43 100 89 91 13 120 84 115 2 122 79 42 28 14 27 9 1 40 119 98 107 99 8 39 117 95 67 118 123 45 30 35 76 53 3 81 92 105 90 71 41 114 72 97 26 57 19 113 21 101 37 80 104 16 34 93 109 96 25 61 0 4 59 78 112 82 47 88 102 5 12 46 116 49 74 54 106 111 36 103 22 24 50 62 10 17 29 121 7 
47 58 86 90 109 17 117 53 98 54 108 42 60 93 36 31 65 44 30 35 19 87 115 20 1 88 116 76 63 84 52 57 28 45 69 39 73 37 79 0 78 15 68 122 102 11 67 83 13 48 46 110 70 2 62 89 96 107 18 51 95 23 100 14 22 77 75 3 66 29 21 114 91 112 97 64 118 111 43 6 120 26 34 71 85 94 7 121 12 101 9 74 5 123 99 113 81 105 41 104 61 4 82 8 32 72 80 16 56 25 24 92 10 40 119 59 50 27 38 103 33 55 49 106 
6 79 65 27 1 13 63 21 45 83 36 32 106 107 64 110 80 7 57 37 74 98 96 40 28 43 44 117 14 54 39 95 2 3 88 103 99 10 59 51 68 97 81 19 67 50 29 69 4 112 111 31 58 75 77 118 38 22 82 25 26 61 115 20 70 108 87 90 86 78 24 71 33 91 55 41 101 11 48 84 119 34 0 122 92 116 17 49 105 30 66 73 60 8 47 93 9 52 5 23 104 113 100 114 56 42 72 76 102 18 123 120 94 85 46 62 89 35 53 12 15 16 121 109 
97 22 87 83 29 115 63 75 45 117 60 35 9 14 43 3 6 99 111 41 64 107 10 42 24 59 73 82 109 54 39 36 16 81 17 110 68 85 61 28 31 58 102 70 71 44 105 77 4 12 26 52 27 7 20 123 47 1 23 55 91 32 88 113 80 118 98 37 112 67 103 108 46 38 69 76 104 5 94 34 89 53 40 121 50 21 19 62 122 92 56 90 93 13 116 15 66 49 8 2 86 120 18 119 114 84 78 33 101 48 30 106 57 25 65 11 72 0 74 100 96 79 95 51 
1 122 64 102 10 47 70 66 88 40 69 46 123 16 36 58 14 118 22 77 31 92 39 96 3 83 78 30 62 18 73 34 26 107 86 99 61 28 119 104 63 75 2 101 37 12 121 98 65 8 52 93 89 94 79 57 74 9 21 116 71 15 80 13 120 35 49 110 68 95 100 41 91 53 117 81 17 84 51 32 56 103 76 85 5 4 55 33 50 11 67 6 108 45 113 114 42 105 60 97 87 29 112 27 19 24 48 44 111 115 90 7 109 54 20 0 23 59 82 72 43 38 25 106 
86 101 117 77 104 42 16 21 28 118 1 20 97 51 114 76 119 44 120 6 58 0 91 12 87 29 78 79 31 35 59 17 89 115 39 105 4 55 112 116 71 43 14 121 40 93 60 49 92 45 57 50 72 111 122 66 9 25 84 5 80 70 65 32 22 61 27 41 18 103 54 52 96 37 47 95 88 102 24 81 56 75 62 38 113 94 19 68 33 48 100 23 73 67 53 11 2 90 10 110 106 13 74 26 30 64 83 109 69 63 108 46 98 3 8 15 99 7 36 107 34 85 82 123 
109 121 57 101 114 63 85 122 11 35 61 88 30 74 20 56 5 81 91 117 10 18 105 28 77 73 31 59 58 70 9 6 26 64 123 103 71 112 44 100 40 13 51 55 115 7 60 25 2 52 93 110 14 90 94 80 32 79 116 53 75 62 99 46 78 15 49 113 66 21 4 120 102 67 82 33 83 119 29 68 3 48 17 16 106 22 104 72 87 1 69 50 95 37 65 36 24 84 108 92 19 23 97 96 54 76 98 86 43 0 89 111 118 107 41 42 27 45 34 8 39 47 38 12 
19 2 109 44 104 75 41 38 47 86 63 24 105 25 14 97 46 85 58 113 30 120 66 64 33 102 48 62 110 60 39 91 18 81 40 27 59 123 36 42 61 80 52 1 6 74 89 96 50 82 71 117 8 90 103 84 35 87 112 69 31 17 108 37 55 67 11 10 12 72 20 95 98 107 92 49 122 13 0 78 53 73 111 70 32 77 9 56 15 99 68 65 118 54 43 3 121 88 29 16 116 94 7 100 45 115 93 23 5 83 79 51 22 21 26 57 34 28 4 119 101 114 76 106 
2 5 84 11 94 40 79 58 107 7 121 31 24 81 59 111 114 23 57 110 119 61 44 62 115 16 46 103 18 30 108 38 47 117 51 72 17 88 101 78 74 93 73 64 9 15 60 43 54 49 99 85 1 89 118 70 0 104 102 122 120 26 48 20 14 29 4 95 53 87 65 56 28 76 83 100 33 113 37 91 22 27 82 112 97 36 106 50 45 55 105 41 34 116 12 35 69 63 3 67 92 77 10 8 52 109 68 39 96 6 90 75 21 13 32 25 123 80 42 66 86 19 71 98 
83 93 32 34 115 73 21 112 19 4 5 105 76 72 62 60 10 6 27 3 63 15 18 68 35 44 104 50 120 110 78 64 48 114 30 65 7 118 39 109 51 66 37 0 123 54 28 33 75 96 1 12 47 38 29 52 42 59 98 24 119 74 61 11 16 117 55 82 103 89 111 67 100 113 85 56 2 101 14 8 45 116 80 94 102 86 99 108 106 58 92 25 87 17 77 46 70 107 53 95 121 26 91 88 81 22 90 41 57 23 36 79 20 40 84 9 31 97 122 71 13 69 49 43 
50 5 82 97 20 2 104 29 121 63 91 101 51 35 113 75 74 88 31 36 19 21 105 40 30 80 34 114 69 42 45 6 18 68 14 17 102 11 78 67 98 12 116 123 32 73 81 7 95 49 61 65 76 0 112 59 28 72 99 77 3 106 90 83 120 103 109 84 38 62 86 85 24 111 39 26 64 8 93 48 122 56 27 57 25 55 37 16 23 107 13 52 115 53 1 108 89 33 118 22 87 10 9 41 47 117 70 60 46 43 4 58 15 110 100 79 92 94 66 119 71 96 54 44 
71 55 74 61 58 67 9 118 105 111 115 106 110 107 89 79 2 17 82 31 19 10 30 45 32 117 28 120 81 50 18 102 51 56 112 44 64 16 37 20 59 86 36 53 62 48 6 78 116 15 23 72 87 83 97 57 7 11 77 91 80 47 0 100 92 63 46 98 3 13 14 60 34 24 93 4 101 99 122 109 75 38 121 104 66 65 21 49 25 73 42 96 94 123 54 35 41 52 114 95 5 33 119 108 113 103 68 12 1 22 40 84 69 27 39 29 8 70 26 85 90 88 43 76 
110 85 103 72 30 23 36 121 24 33 26 10 71 90 42 74 115 21 117 107 59 60 70 92 48 28 53 40 102 96 34 5 6 12 67 17 82 79 61 94 16 89 68 29 45 11 7 22 77 9 119 78 41 52 73 4 1 95 20 120 14 31 49 18 106 76 97 104 2 19 56 39 80 15 88 66 35 75 87 27 111 63 25 55 46 47 100 86 69 81 13 37 105 84 32 93 62 58 54 114 122 8 91 57 44 123 116 64 43 0 83 101 51 112 118 65 50 98 99 113 109 3 38 108 
47 67 11 30 119 113 100 58 120 59 15 32 9 65 54 20 82 12 118 1 2 75 93 83 51 56 68 53 44 52 97 71 115 28 114 34 96 5 27 60 49 108 101 55 98 103 99 105 0 92 70 3 21 36 24 40 33 102 84 16 69 6 7 8 116 123 37 122 81 87 48 50 35 90 41 13 57 112 73 74 23 10 4 42 95 76 66 78 18 117 46 85 22 61 104 121 88 72 17 111 62 107 63 110 89 109 14 86 80 29 25 79 43 45 39 64 38 106 19 26 91 77 94 31 
104 67 98 113 8 84 20 28 48 52 59 11 4 68 101 71 23 16 99 13 77 95 27 114 29 97 36 107 17 26 6 2 123 73 120 93 96 91 118 85 66 79 75 46 89 61 64 42 5 80 35 53 38 1 33 44 70 39 7 112 45 90 3 10 31 14 103 49 60 57 88 50 115 105 34 81 117 76 119 92 108 121 47 63 30 21 100 116 78 65 122 106 111 69 62 12 37 22 109 40 41 74 9 55 72 19 87 56 18 15 51 24 54 94 25 82 32 110 43 102 0 86 58 83 
58 88 100 18 29 16 63 73 20 67 75 32 92 77 9 102 0 55 21 93 97 1 37 19 62 96 36 65 91 108 30 82 3 98 25 104 95 41 68 72 94 17 38 34 35 49 14 122 24 80 110 99 61 60 22 45 123 6 76 54 120 33 28 39 89 64 26 47 101 118 10 79 23 59 121 84 48 56 13 90 8 43 106 42 86 7 46 51 15 31 12 4 57 114 83 119 2 112 115 81 44 71 107 66 109 116 78 40 103 53 52 11 69 87 117 5 113 85 50 105 70 74 111 27 
36 111 38 122 13 100 9 77 97 115 29 12 26 32 63 95 119 75 44 48 56 0 6 3 27 86 91 20 98 11 31 105 89 43 58 123 74 5 4 49 60 90 16 81 121 42 2 116 114 14 7 57 10 112 33 70 19 109 103 30 28 41 82 17 104 108 101 53 118 54 96 88 37 34 94 23 15 93 55 113 46 1 79 35 68 85 21 106 102 65 39 25 71 76 84 73 50 62 78 69 80 61 22 18 45 87 83 117 92 67 120 64 72 40 99 52 8 110 47 59 51 66 24 107 
