127 100
96 64 27 94 26 39 68 108 81 75 112 88 19 56 80 95 111 16 0 20 97 42 23 103 63 67 48 40 1 12 73 91 70 116 66 32 54 14 49 87 58 29 98 65 57 83 34 51 55 109 59 86 25 5 124 10 100 105 72 89 43 117 62 4 50 69 53 33 90 92 121 123 8 76 102 122 101 71 11 113 118 46 3 120 6 7 36 35 60 110 30 21 44 104 47 74 2 61 22 24 93 82 125 28 114 45 13 9 31 107 79 84 106 115 17 18 41 37 15 78 85 52 119 99 38 77 126 
10 53 38 111 83 62 112 22 124 97 126 87 101 20 96 77 55 108 93 57 110 82 25 113 46 70 81 95 88 78 76 15 12 68 23 11 44 69 14 32 47 8 98 125 122 73 9 2 66 116 52 35 119 100 105 63 90 51 30 80 72 5 34 6 36 79 102 65 13 16 18 28 59 29 115 42 43 27 92 1 89 109 31 121 106 103 50 45 41 19 107 99 58 4 114 21 67 120 91 118 74 17 0 56 24 7 60 37 54 117 84 48 94 104 49 33 39 75 40 85 64 26 3 61 123 71 86 
73 68 113 23 124 31 57 100 30 35 56 67 36 20 112 15 122 14 96 19 5 18 70 87 12 61 32 95 111 34 52 29 104 97 6 88 89 39 94 7 91 47 79 2 80 28 60 55 1 85 106 3 116 109 22 53 82 26 118 99 50 44 59 4 65 120 110 103 121 114 58 75 108 51 126 119 77 40 33 102 8 107 117 83 45 9 74 90 64 92 123 11 38 0 46 101 54 25 21 41 27 98 69 78 49 93 125 76 24 17 84 16 81 13 105 72 48 115 63 71 86 66 43 62 10 42 37 
46 55 21 57 1 9 66 17 28 49 92 24 3 7 93 44 33 117 52 25 67 48 39 70 104 101 11 30 100 99 75 78 112 0 64 107 19 26 125 31 63 96 71 50 97 15 91 102 89 12 27 90 79 45 34 103 56 108 61 106 16 47 54 68 123 110 5 88 29 126 115 95 85 42 23 118 51 87 40 84 60 86 35 13 77 58 105 116 113 94 111 114 36 22 53 109 41 59 37 69 32 6 73 76 98 124 83 121 120 122 80 4 8 72 74 14 18 38 82 119 62 10 81 43 2 20 65 
14 54 64 100 62 43 103 124 33 74 96 20 69 41 115 10 30 87 8 67 36 52 81 121 122 0 37 86 7 97 50 2 42 114 12 24 60 44 102 91 120 9 92 110 95 89 15 70 104 51 123 109 23 17 29 79 76 40 38 75 83 117 11 39 34 6 72 61 65 101 57 126 119 112 94 106 13 19 5 88 63 118 32 31 35 93 48 105 22 3 55 113 4 28 49 45 66 82 46 73 59 108 98 84 58 56 16 71 77 25 107 26 68 125 116 27 18 85 90 1 53 99 47 21 111 80 78 
63 56 80 15 2 39 54 48 27 66 30 8 82 91 84 18 37 26 101 98 9 123 116 114 64 104 106 126 45 73 44 109 5 61 70 35 34 13 60 76 74 79 78 85 89 29 65 0 95 103 12 112 38 47 99 22 93 50 110 75 11 51 87 16 14 31 71 107 4 49 43 86 21 83 25 92 1 125 118 32 52 124 77 96 88 72 102 58 6 17 36 41 108 10 3 94 42 19 111 90 100 59 40 97 81 67 24 117 55 28 7 119 115 68 33 113 120 20 122 105 62 57 53 69 23 121 46 
113 26 42 51 39 74 99 29 79 94 63 23 44 40 112 103 13 125 60 50 118 8 19 17 32 58 78 117 110 41 90 25 14 3 7 45 109 5 18 101 21 106 95 28 16 85 36 80 124 86 46 20 33 65 24 104 97 68 55 47 120 11 93 10 61 69 71 89 96 43 48 57 0 116 100 75 107 38 67 111 37 84 77 123 82 115 31 54 34 70 27 87 62 4 108 9 102 56 1 22 6 2 83 88 91 126 30 81 105 49 35 52 114 92 119 12 122 98 15 76 72 64 59 121 53 66 73 
109 19 38 55 99 14 61 12 29 100 119 44 48 4 8 73 47 1 30 102 126 21 98 76 32 96 3 45 58 104 53 23 66 116 16 110 27 24 33 115 89 40 5 59 49 103 125 105 112 121 92 18 79 78 97 0 80 94 70 124 82 64 31 52 2 71 13 118 10 67 107 39 42 46 114 51 90 83 117 120 20 95 57 22 9 68 63 72 50 84 60 17 25 81 75 54 7 43 77 101 15 122 69 113 86 85 56 37 93 62 36 108 6 91 34 88 41 123 74 28 11 65 111 87 26 106 35 
109 54 108 92 22 119 11 50 107 89 68 100 13 51 86 59 74 88 34 37 5 49 71 52 63 104 31 32 87 45 123 27 102 6 69 16 25 44 126 118 64 46 18 60 43 48 96 61 120 84 79 72 28 90 67 9 99 53 17 29 125 81 1 23 95 36 15 41 3 78 83 57 85 124 12 24 10 7 110 73 4 121 114 75 65 106 19 94 111 117 58 35 80 8 33 39 21 82 62 26 91 42 105 38 122 113 116 20 98 112 56 55 14 2 0 70 76 93 47 97 30 40 66 103 77 115 101 
65 58 52 122 25 95 102 1 111 82 83 7 17 91 31 55 4 121 118 23 16 67 49 77 63 73 84 72 28 14 88 32 66 76 96 87 74 116 114 12 70 26 71 13 27 79 123 9 125 34 46 93 104 100 99 60 89 39 51 85 30 124 18 81 97 107 42 6 105 75 47 50 126 108 3 10 113 112 36 21 2 101 86 103 11 43 8 45 64 54 59 24 48 19 5 62 35 115 20 110 119 98 44 38 61 33 22 69 57 80 117 15 78 41 106 29 68 40 56 53 120 92 109 0 37 94 90 
16 83 73 13 88 112 36 33 98 103 4 8 58 91 52 106 71 61 50 124 17 120 65 68 105 104 69 47 41 111 40 22 89 43 35 27 74 82 110 29 72 2 34 117 14 21 118 81 87 62 25 93 12 5 101 44 28 114 115 92 23 1 51 0 76 84 59 108 63 107 60 96 37 67 15 66 102 99 116 48 39 11 32 77 113 64 24 9 119 90 7 80 75 6 31 122 46 56 70 55 57 121 49 78 26 42 45 20 79 54 95 10 125 86 30 38 3 126 94 100 109 19 53 123 97 18 85 
88 60 20 84 101 112 34 102 9 62 106 63 42 72 117 59 6 57 109 24 71 82 10 73 25 123 76 46 99 104 94 14 8 58 118 80 44 68 86 75 7 12 126 125 1 77 49 115 81 95 69 65 89 61 114 124 96 37 85 41 52 28 50 13 98 30 119 70 120 108 38 66 111 32 122 107 48 18 110 51 3 27 83 87 100 0 17 53 92 36 64 11 113 39 4 67 78 16 116 40 103 56 79 91 33 121 54 19 93 105 22 97 74 23 29 2 21 26 15 55 45 35 43 5 90 31 47 
20 76 42 104 90 113 62 33 84 44 30 107 48 21 119 45 1 9 98 108 36 81 35 59 37 28 53 120 80 57 123 6 15 92 72 39 75 106 31 102 3 74 79 70 121 14 60 85 103 54 83 112 67 93 17 97 71 25 23 22 40 38 10 16 56 99 94 32 125 52 91 100 118 27 82 50 95 126 47 86 18 124 105 12 11 34 116 109 46 13 78 61 101 64 122 51 58 41 43 89 66 65 2 7 4 49 114 55 8 63 29 96 19 88 73 68 69 26 110 5 115 0 24 117 87 111 77 
46 56 0 117 31 105 13 22 11 111 89 77 43 93 66 120 70 45 98 30 104 88 29 100 55 48 72 110 121 59 42 108 8 49 81 71 64 53 109 63 123 96 75 21 52 5 23 12 35 15 16 54 57 78 67 25 119 92 40 20 14 62 37 84 19 9 1 107 82 97 26 85 68 116 27 101 115 39 122 32 38 60 34 3 113 44 7 91 95 17 118 4 114 24 69 10 106 47 50 6 51 58 36 76 112 18 94 102 125 65 86 99 124 83 73 28 126 103 90 33 61 79 74 87 2 80 41 
90 58 44 18 0 48 10 67 19 61 63 32 119 65 60 8 95 66 52 121 102 36 110 69 40 89 86 1 3 84 93 125 57 111 35 101 56 11 124 98 105 71 47 97 122 116 117 77 87 38 103 104 75 64 45 50 78 7 70 81 27 99 76 82 25 21 59 22 2 106 96 4 88 123 31 51 107 9 29 108 114 126 14 55 112 24 62 80 42 74 109 92 79 33 73 16 26 91 115 83 41 113 23 46 94 120 30 100 17 28 68 49 39 53 37 43 54 12 34 13 15 20 6 85 5 118 72 
95 15 124 116 76 16 79 0 28 111 67 35 98 118 69 88 119 48 81 62 41 110 113 33 14 121 7 18 13 109 84 23 107 74 22 72 115 17 37 27 31 104 92 49 56 21 19 66 2 34 106 44 57 108 96 89 125 86 70 123 55 126 36 5 47 60 102 45 91 97 8 4 46 51 68 64 38 117 73 40 122 9 100 24 71 20 54 61 120 42 43 52 50 99 58 12 105 3 85 32 77 1 25 63 82 90 29 26 93 39 103 112 87 11 101 30 75 80 94 6 83 53 114 10 59 78 65 
49 74 2 104 50 66 40 16 113 53 108 120 92 126 7 61 23 73 85 30 17 42 100 91 102 1 124 76 110 3 15 4 19 26 115 88 93 117 122 90 63 70 29 20 9 69 38 44 22 33 87 89 27 96 101 99 59 83 43 103 116 36 39 121 37 84 98 125 60 58 81 119 6 13 67 18 34 14 71 62 45 97 86 72 21 46 64 10 79 51 12 106 80 57 114 105 123 107 78 32 75 109 47 54 11 28 8 111 41 112 56 52 35 5 31 0 118 65 68 55 77 82 24 94 25 95 48 
72 11 31 53 97 68 50 107 2 79 48 51 92 7 56 27 14 115 57 84 67 112 110 86 9 5 100 105 78 81 23 12 46 52 122 32 114 98 102 30 94 69 121 49 47 118 25 85 4 123 44 18 91 88 35 10 76 108 77 124 73 43 62 104 66 33 70 64 93 20 3 116 54 120 29 21 16 95 111 58 1 8 101 28 40 15 38 96 63 59 65 17 55 41 24 6 22 37 117 87 19 106 75 0 125 26 82 74 80 113 109 103 71 99 61 34 42 39 89 60 83 45 126 119 13 90 36 
54 43 76 56 109 84 87 45 72 88 111 77 27 79 105 8 67 92 6 11 18 47 34 60 38 62 10 122 71 103 29 57 114 59 14 69 30 112 33 5 91 85 116 120 78 15 117 102 61 99 44 70 95 119 58 24 41 124 94 42 108 2 81 21 98 0 32 65 100 46 125 39 104 80 19 22 63 3 113 20 23 1 107 96 53 82 17 4 16 74 110 66 26 89 126 36 118 12 37 40 64 83 68 86 35 97 48 121 101 73 51 31 106 123 75 49 9 13 93 28 7 90 55 50 115 25 52 
70 33 122 98 93 31 5 18 10 15 65 9 62 90 114 44 94 121 59 96 87 8 46 113 37 24 23 66 119 7 57 67 126 80 77 36 110 95 41 29 106 92 58 38 108 48 45 42 3 39 100 16 55 89 120 17 56 79 112 88 54 81 74 49 83 35 1 101 21 116 104 111 60 69 97 34 72 82 68 63 102 84 117 26 22 86 52 0 51 91 105 123 20 40 14 76 6 109 78 32 4 2 61 28 30 13 47 118 11 19 53 27 71 75 50 25 115 103 85 107 43 99 125 12 73 64 124 
32 94 126 47 44 49 19 39 118 123 119 124 11 116 10 87 37 59 46 23 75 42 111 95 4 31 108 21 101 100 97 30 27 105 6 64 91 57 43 41 61 96 113 77 109 71 1 2 82 54 112 92 26 120 29 66 38 14 24 67 25 107 34 55 33 53 48 16 86 114 117 104 80 0 79 8 110 7 115 98 36 89 93 52 28 45 88 56 5 78 9 58 18 17 99 90 40 69 3 22 122 83 35 72 68 76 74 103 50 81 102 60 106 70 85 62 121 15 84 51 13 125 65 63 73 12 20 
38 21 110 42 16 99 114 89 37 90 32 122 5 75 61 47 43 63 84 22 23 25 48 79 107 78 6 101 55 80 41 112 8 71 53 14 87 73 9 93 85 102 113 74 40 86 124 28 34 126 2 106 120 88 95 119 70 59 4 96 97 11 108 26 20 3 35 44 109 91 50 72 18 81 30 19 82 65 10 31 1 104 36 0 27 121 51 52 12 56 118 64 77 60 125 116 100 83 69 29 105 117 98 123 24 7 115 76 94 54 33 57 49 45 62 46 67 58 13 15 66 92 17 39 111 68 103 
117 87 102 58 79 6 32 57 78 61 7 75 71 41 100 93 67 26 81 112 34 49 29 122 73 110 33 44 82 10 113 62 119 42 8 25 9 52 118 46 76 60 1 36 56 115 98 123 116 108 121 88 38 21 0 28 94 111 68 104 43 66 126 14 92 22 20 53 96 80 99 106 35 86 17 77 39 30 23 3 37 59 84 55 120 85 74 15 101 91 124 12 83 72 107 70 18 51 2 45 5 48 90 4 13 114 109 97 64 69 24 40 27 16 103 50 11 31 89 19 47 95 54 63 105 125 65 
43 107 116 114 62 23 106 27 84 97 38 69 77 16 59 3 115 9 75 33 21 39 30 110 51 118 100 18 56 61 111 85 25 58 24 47 78 98 48 113 63 122 123 117 95 125 104 35 17 96 45 36 28 89 68 8 73 103 66 76 53 49 79 52 54 71 119 42 81 31 5 87 10 26 55 14 124 44 1 101 6 34 41 32 82 65 109 86 120 7 12 83 105 22 126 112 94 40 4 11 60 20 99 64 29 0 102 13 88 57 108 80 37 2 70 19 72 93 74 92 46 50 15 91 90 121 67 
115 57 114 78 109 34 76 110 75 104 79 19 54 105 66 117 118 36 123 30 52 122 97 15 45 13 26 2 24 72 20 41 98 22 94 88 81 113 58 82 17 68 21 60 96 120 108 83 51 70 69 100 77 99 43 59 93 35 106 7 87 63 27 40 56 64 95 112 6 44 32 16 42 102 55 61 4 116 0 124 73 71 9 38 3 121 49 50 46 14 33 65 84 67 47 8 39 62 31 28 12 111 5 103 89 10 90 1 85 119 107 23 48 25 80 101 18 125 92 53 11 29 126 74 86 91 37 
72 16 71 20 87 4 9 49 94 116 59 40 73 89 23 6 13 83 111 115 81 33 64 78 100 26 82 22 90 25 38 110 76 21 104 32 15 43 53 118 54 113 34 99 11 19 102 27 69 95 18 92 67 30 107 66 75 2 96 14 45 108 119 36 1 10 105 80 44 121 77 12 97 5 122 106 68 31 48 29 50 109 88 126 79 7 112 37 52 8 84 101 93 3 55 46 24 86 91 51 63 60 65 61 117 56 35 125 123 114 57 70 62 47 28 120 41 103 74 98 42 58 0 124 39 85 17 
28 54 40 1 115 100 58 27 38 10 85 124 17 77 29 61 48 107 67 79 112 81 125 116 56 76 41 59 62 3 117 119 94 98 6 84 42 49 120 63 75 15 34 18 22 91 82 45 102 50 26 23 69 72 74 87 4 12 55 9 57 46 73 118 101 30 88 68 2 32 7 103 5 80 36 104 16 97 43 8 39 44 126 20 64 109 83 31 95 53 51 78 37 122 111 25 99 121 24 52 21 66 71 65 93 96 110 47 11 108 33 35 106 13 113 92 105 19 70 14 89 114 86 60 90 123 0 
93 59 58 111 51 114 76 22 126 92 0 43 95 122 36 115 106 10 103 82 71 44 96 98 88 55 60 5 63 89 65 112 49 31 87 75 97 12 17 46 85 56 105 110 104 15 109 13 52 6 48 32 19 69 14 39 8 57 1 27 77 37 35 113 107 78 72 29 47 23 42 11 41 24 68 100 118 91 70 73 4 94 119 86 81 62 20 67 9 16 3 2 30 99 80 84 124 74 18 66 79 50 117 53 54 34 26 121 7 125 33 123 120 90 28 21 116 38 61 83 64 108 25 40 101 45 102 
102 44 68 30 70 117 33 115 83 34 25 63 19 20 91 104 94 62 9 24 85 78 105 124 90 41 52 75 97 12 98 99 114 121 66 23 73 21 126 53 96 31 6 100 15 3 67 17 88 49 16 111 2 26 77 118 51 65 14 55 110 80 28 50 59 82 5 35 108 92 0 40 122 74 87 38 60 89 81 71 37 27 57 84 47 13 43 120 64 58 61 56 79 46 36 101 7 125 69 45 11 1 10 48 54 103 112 32 4 119 123 22 76 107 8 86 39 106 29 72 109 113 42 93 116 18 95 
117 45 35 76 43 7 12 32 11 2 122 40 37 61 71 99 70 36 41 16 54 4 77 55 104 50 67 75 111 73 39 28 69 19 20 21 34 86 79 108 92 6 29 17 63 120 25 119 52 114 105 106 93 60 57 121 47 95 103 81 101 5 113 88 1 89 65 56 15 110 0 100 9 98 112 23 118 123 124 83 30 42 87 68 97 72 59 82 78 115 107 94 66 96 102 38 33 84 22 58 116 14 24 46 49 91 62 13 125 48 18 74 31 64 53 85 126 51 90 27 26 109 44 8 10 3 80 
103 2 48 86 60 7 8 59 27 87 38 102 52 120 17 112 32 65 66 6 63 50 49 100 24 62 57 28 9 115 39 72 69 90 91 45 19 117 119 46 74 67 121 5 77 10 123 83 23 80 12 110 99 97 84 125 92 68 105 25 81 54 26 13 124 61 104 20 35 15 89 75 22 106 37 34 95 126 33 116 21 111 1 107 18 56 4 64 30 93 36 44 94 42 85 51 43 29 14 31 82 101 96 0 114 88 41 109 108 16 73 71 98 122 78 11 113 55 3 53 58 76 70 40 79 118 47 
38 39 0 97 117 90 76 92 86 70 123 49 29 95 65 77 9 112 44 124 24 73 54 33 104 57 122 19 68 84 118 66 35 12 11 121 101 26 81 61 74 2 100 58 75 88 94 31 114 6 48 30 40 3 51 64 14 17 115 98 59 109 69 96 47 42 62 125 63 5 7 53 13 16 27 43 82 55 45 110 119 36 15 108 60 85 72 1 34 67 102 126 23 8 37 99 116 18 103 71 105 78 83 113 120 4 80 91 21 41 89 93 10 79 25 111 106 87 28 52 22 46 32 50 107 56 20 
16 74 87 44 120 126 68 124 36 84 19 33 113 82 125 53 1 6 103 77 37 52 116 75 117 63 43 89 51 67 80 20 31 2 55 115 4 100 112 121 38 45 27 109 18 26 110 72 64 23 81 5 92 7 56 12 122 17 35 3 79 88 83 118 40 70 60 15 111 9 98 119 10 21 47 24 39 66 99 104 93 48 46 62 95 106 59 71 14 105 41 97 28 90 91 65 61 22 50 107 57 101 76 54 0 123 25 11 42 49 108 32 58 73 34 86 102 13 94 69 30 29 114 8 85 78 96 
100 30 59 40 99 57 76 83 25 101 52 103 43 23 104 69 10 109 29 106 54 77 1 53 41 81 12 67 68 118 90 35 32 87 8 31 20 21 33 58 107 45 108 70 36 111 51 82 79 47 89 120 65 78 18 123 92 5 38 86 50 95 26 13 9 15 121 88 112 102 49 115 113 117 62 61 122 39 28 11 84 17 124 71 27 85 98 55 0 42 94 125 64 22 116 80 75 14 37 16 19 97 110 34 46 44 73 105 93 126 56 72 96 91 4 114 3 60 48 74 7 66 24 63 119 2 6 
26 91 48 41 74 27 5 13 89 31 95 0 15 11 110 114 4 97 56 52 35 70 59 67 123 77 65 37 82 55 69 111 45 87 68 49 71 14 2 44 58 7 81 34 28 76 38 116 43 50 84 20 19 9 23 78 118 25 1 16 3 73 12 109 88 53 126 42 36 72 33 47 93 21 54 32 124 107 120 6 117 10 98 119 80 8 51 66 22 79 63 75 92 57 113 122 83 86 94 90 99 30 115 29 102 62 60 61 46 108 121 24 106 96 17 104 105 85 64 39 40 18 103 101 100 125 112 
14 93 45 76 68 85 96 53 61 101 29 73 113 119 15 110 10 118 32 49 23 123 67 8 114 106 104 121 92 0 11 74 94 80 124 28 90 2 99 12 111 60 50 17 18 105 5 112 35 30 25 26 81 56 97 57 102 117 55 59 82 58 31 63 24 77 22 88 65 41 116 109 27 75 3 9 51 72 1 54 66 39 95 122 13 48 115 98 47 20 16 6 52 62 79 69 108 33 44 87 19 21 7 91 64 4 89 42 37 125 38 86 46 40 126 78 100 43 84 103 83 34 70 71 120 36 107 
22 8 21 82 69 14 54 100 104 77 90 44 38 46 59 118 98 109 103 30 25 81 3 52 50 33 49 41 16 116 60 94 106 86 24 51 23 71 79 99 126 19 15 57 101 114 58 61 31 120 55 34 93 9 119 70 67 124 85 84 74 43 29 95 45 125 97 89 35 32 73 121 48 13 42 12 66 115 105 122 102 27 78 75 11 26 64 40 6 56 87 91 53 80 18 63 4 96 88 62 28 107 113 117 36 1 68 10 20 2 123 0 112 37 65 76 111 83 110 17 72 92 7 39 47 108 5 
117 8 98 26 21 75 108 116 123 50 111 15 70 2 72 94 14 27 82 124 4 113 106 90 42 7 63 74 88 3 103 102 60 122 71 93 28 100 112 125 77 39 43 114 104 73 51 48 17 33 49 126 91 56 57 52 53 101 95 64 58 85 121 65 10 38 80 20 68 35 24 59 119 109 12 107 79 16 84 32 118 41 78 37 54 9 86 31 45 5 99 30 55 18 110 11 76 34 40 81 69 0 46 67 44 97 6 19 25 62 105 61 96 87 47 29 115 23 89 120 83 1 92 36 66 13 22 
124 94 82 42 108 81 31 92 24 41 80 15 123 63 35 23 50 8 70 112 117 98 91 67 110 100 95 105 4 59 115 73 9 113 39 19 61 21 6 107 114 10 52 78 85 120 22 58 30 121 64 71 16 7 5 48 57 119 44 90 97 65 33 69 104 86 103 40 45 46 53 102 88 25 18 14 49 72 99 84 93 55 96 79 89 3 68 11 76 47 51 66 111 75 125 34 77 13 2 38 29 32 12 60 1 17 36 116 43 27 87 62 56 28 83 54 101 20 0 26 106 126 37 74 109 118 122 
62 94 33 9 114 15 103 123 76 61 69 64 85 4 95 21 10 119 56 63 22 50 71 78 117 102 19 92 122 5 39 112 90 0 38 60 72 46 66 17 37 28 86 35 98 111 118 2 87 41 42 113 59 18 67 3 75 27 100 99 12 25 16 105 93 120 81 49 88 89 55 109 20 125 96 104 70 8 52 7 29 1 40 126 106 77 121 45 97 91 115 73 107 82 124 44 74 24 32 58 84 108 48 80 65 23 110 13 36 53 79 6 101 11 51 116 14 47 30 26 31 43 54 83 68 34 57 
19 115 90 83 110 25 91 84 53 40 97 56 86 96 4 111 102 30 64 49 98 18 75 87 50 65 9 43 21 99 61 74 11 73 7 42 51 48 1 121 62 14 33 70 20 12 34 109 79 76 46 36 45 112 120 119 0 54 80 23 89 123 118 3 27 126 100 85 104 108 105 17 72 93 59 26 5 125 77 31 63 69 22 10 60 95 67 122 94 44 32 47 113 2 116 16 66 29 55 38 28 88 52 107 68 71 24 117 39 8 82 106 35 57 92 6 124 41 103 78 37 15 81 58 101 114 13 
126 48 99 67 41 83 90 15 65 45 121 13 87 78 39 119 116 5 12 19 44 123 58 22 88 91 16 97 2 98 66 110 94 85 38 96 77 63 114 107 31 125 30 89 52 100 101 108 36 4 104 118 21 23 28 84 95 64 18 124 54 47 113 68 8 122 109 60 51 40 72 25 11 53 76 24 59 32 120 92 105 56 27 33 37 74 115 26 0 103 79 62 112 35 106 34 49 86 117 3 7 61 55 1 29 81 57 82 17 9 70 111 10 46 69 102 93 42 71 43 80 50 6 75 73 20 14 
37 114 2 8 39 11 51 4 3 54 119 111 9 45 38 82 56 124 65 55 87 18 32 30 106 6 1 96 49 22 107 85 104 122 26 99 100 69 79 59 103 77 10 116 20 31 5 66 0 78 41 64 108 7 118 67 72 46 89 113 57 83 75 36 76 29 23 62 44 48 52 81 92 68 42 74 58 53 88 115 16 95 90 19 33 112 27 25 24 101 35 98 13 123 102 12 120 109 105 28 86 91 110 43 73 14 71 63 40 17 21 50 80 93 117 47 121 126 34 125 97 60 61 70 94 84 15 
42 44 50 101 56 68 122 99 58 95 4 28 8 78 13 19 120 6 59 67 48 73 124 118 51 54 43 88 52 104 92 109 84 116 107 87 71 119 49 97 26 11 63 112 91 103 110 15 45 30 1 80 34 105 83 62 5 94 10 0 47 69 38 25 81 33 98 17 9 20 53 117 2 102 65 36 41 90 115 86 75 16 82 66 14 70 123 111 114 96 72 77 61 29 39 64 7 27 55 12 60 126 3 46 57 121 85 79 106 89 22 100 32 21 37 76 113 23 18 35 74 93 40 24 31 108 125 
72 2 70 93 100 36 82 112 92 61 80 84 58 107 59 9 56 78 22 19 35 30 42 16 77 97 91 116 18 55 81 3 123 99 104 27 125 47 26 17 50 109 86 41 68 79 69 105 15 88 52 4 28 43 95 73 33 114 64 21 14 108 83 106 87 5 51 8 29 102 122 32 74 103 115 11 111 20 60 119 0 13 85 10 25 90 38 120 117 101 126 98 124 1 67 71 121 12 53 31 45 34 7 96 49 62 6 39 44 23 37 89 57 94 63 75 76 40 48 46 24 118 65 66 54 113 110 
125 111 59 69 58 93 29 51 16 108 14 114 42 81 25 37 101 3 17 41 71 27 78 75 87 19 72 98 73 105 65 96 23 0 121 77 50 6 2 119 100 70 60 40 122 54 13 57 76 126 52 124 33 30 102 48 24 67 120 18 49 85 55 31 86 26 7 62 118 53 88 103 116 44 68 83 89 63 32 104 92 91 82 84 80 106 110 123 11 35 61 107 90 8 34 115 10 112 39 9 45 20 99 109 117 64 97 46 36 28 113 15 1 47 95 74 56 5 21 12 66 38 43 94 79 4 22 
82 94 65 52 12 104 78 73 112 99 113 105 44 2 15 84 124 77 81 123 69 16 114 38 45 17 106 76 8 110 36 5 60 119 75 48 37 95 109 24 35 64 100 108 7 101 23 11 27 0 31 86 21 3 14 89 71 118 20 53 59 67 33 79 126 50 117 22 120 66 70 26 122 54 93 19 40 28 90 103 97 34 10 72 58 4 51 13 115 88 32 121 96 49 125 68 91 111 57 63 25 92 116 56 83 85 6 107 102 98 43 41 18 62 80 39 1 46 74 87 29 55 47 42 30 61 9 
19 42 43 38 2 36 52 122 41 115 31 71 126 32 53 123 12 64 46 63 39 72 78 97 98 124 68 125 16 29 25 20 114 103 95 1 85 0 28 88 26 35 17 45 3 76 27 10 8 118 102 51 70 77 62 111 65 50 24 113 60 69 5 86 18 106 96 117 112 104 37 119 121 66 15 109 120 73 93 40 59 49 48 90 84 83 21 23 61 74 79 30 105 99 87 58 89 116 56 44 4 101 67 34 13 11 75 94 100 81 55 33 92 9 7 91 47 14 22 80 110 57 54 108 6 82 107 
114 117 55 5 51 25 103 52 88 95 75 66 43 15 34 70 101 110 42 9 57 121 118 8 33 26 76 44 106 85 108 72 35 120 24 67 37 21 22 125 91 56 53 23 64 1 31 40 69 86 124 99 81 47 80 98 104 83 100 4 62 119 54 111 2 63 10 17 65 36 30 123 112 73 20 78 49 87 94 74 11 107 109 7 41 46 3 77 14 59 71 12 82 79 89 60 29 28 122 48 16 113 90 115 105 96 58 84 27 39 6 97 61 18 0 126 93 32 68 45 116 102 50 92 38 13 19 
117 78 65 46 60 114 74 69 42 14 2 86 61 89 67 68 1 124 97 105 79 80 111 53 26 20 81 8 123 56 116 43 47 28 27 64 45 37 39 107 83 85 29 62 58 33 5 19 16 75 106 12 92 11 110 84 59 109 121 52 30 22 100 31 66 93 115 57 126 87 104 90 91 34 63 48 50 102 10 70 9 98 49 6 119 113 108 17 103 25 40 96 7 73 24 88 36 112 99 51 118 71 15 13 54 4 3 23 38 120 55 41 94 122 95 101 76 0 125 32 77 82 44 35 21 72 18 
42 5 87 6 11 126 110 114 112 24 80 56 86 7 57 8 27 17 16 35 88 28 124 125 92 30 79 31 36 118 48 113 101 39 115 20 71 0 26 33 3 25 58 111 123 21 85 1 89 19 34 119 75 40 32 90 109 29 84 61 122 77 53 98 4 72 14 10 18 74 9 94 107 50 76 55 38 102 51 46 44 66 97 78 81 23 63 108 82 117 68 104 45 70 64 49 62 2 96 99 105 54 60 93 52 69 67 15 59 116 120 13 37 41 121 22 12 103 106 43 65 47 100 95 73 91 83 
65 57 35 101 5 114 91 33 123 19 88 53 89 59 97 50 30 87 107 52 69 37 21 10 4 98 121 110 12 93 46 122 102 55 3 24 72 27 86 41 40 125 90 126 61 39 83 6 29 28 92 84 44 25 100 70 56 43 66 106 0 8 51 76 81 23 31 108 105 18 11 20 99 60 47 16 42 124 119 13 111 77 94 117 63 62 79 48 115 68 38 112 120 74 36 80 118 45 95 64 7 78 73 9 103 113 49 96 82 1 116 109 32 34 104 26 17 67 58 71 75 14 22 85 2 15 54 
47 45 112 91 11 30 34 96 105 106 76 108 120 19 111 88 48 39 42 24 33 53 101 123 90 98 16 126 10 51 25 83 38 125 67 50 107 4 63 56 35 61 94 92 0 31 36 78 21 12 89 27 20 65 103 29 118 68 104 86 109 119 52 115 41 81 14 57 9 124 72 66 49 87 7 70 77 79 8 22 64 2 113 114 55 82 69 26 95 71 93 17 59 58 15 28 23 99 44 84 97 73 110 85 117 43 75 116 13 46 100 62 32 54 3 122 80 121 74 60 37 18 102 5 40 6 1 
55 120 51 97 32 27 59 20 58 118 114 94 71 33 109 7 10 22 23 103 17 57 8 68 53 9 124 70 110 98 76 123 105 90 93 46 78 0 16 31 39 99 62 56 69 113 61 50 64 42 75 60 121 47 41 81 34 107 77 96 25 117 5 11 108 72 73 86 35 45 44 43 29 37 122 111 13 67 87 102 4 65 28 83 100 36 85 104 89 12 52 115 101 3 92 38 19 80 116 26 82 40 126 24 66 18 95 15 88 112 1 2 21 84 30 106 63 79 74 125 91 119 48 6 14 54 49 
78 13 92 114 2 123 100 42 118 52 85 90 41 95 37 77 60 51 34 98 33 43 126 11 40 56 26 120 57 73 76 30 36 17 89 121 38 109 110 125 18 15 59 108 6 22 32 88 102 8 39 62 68 96 97 83 79 65 7 82 49 103 14 29 48 124 55 46 64 84 50 20 31 104 80 21 1 70 101 16 116 45 74 122 91 23 81 44 12 107 61 35 119 94 105 3 47 27 106 9 99 69 112 93 5 25 72 113 53 86 117 24 67 28 63 71 10 4 0 19 111 58 75 115 66 54 87 
114 104 32 73 10 40 38 79 74 91 82 47 83 124 115 111 66 92 116 52 2 48 51 42 55 94 45 34 101 68 96 90 93 86 9 3 85 27 78 110 109 65 64 95 26 75 67 77 28 122 97 105 108 29 8 5 56 17 31 43 54 0 63 50 118 88 44 36 25 46 125 60 87 20 49 15 103 72 22 33 81 16 106 1 23 107 89 59 121 4 113 126 84 11 102 69 120 39 24 80 14 70 19 100 35 61 41 76 30 7 62 53 123 98 18 112 37 13 58 71 119 57 99 117 6 21 12 
80 53 29 22 48 117 100 46 45 122 118 102 88 31 95 97 71 119 40 23 79 108 65 93 27 56 63 121 64 18 15 66 21 39 115 67 70 5 78 17 7 69 12 87 86 92 85 10 9 47 89 4 76 105 24 1 96 101 77 54 19 20 84 111 32 34 109 36 107 44 28 125 113 74 98 73 2 25 16 126 61 58 52 116 6 0 82 112 38 30 68 43 60 33 114 81 8 57 83 120 35 62 14 99 103 37 104 11 49 106 55 123 72 59 26 110 42 75 124 13 94 41 51 91 50 90 3 
100 14 73 112 39 22 42 45 0 103 61 63 47 53 69 70 29 97 120 33 21 26 115 89 3 1 114 18 20 113 111 50 13 68 49 106 5 105 81 28 83 92 125 10 24 12 56 93 122 117 71 90 60 15 104 110 2 78 121 108 52 27 58 48 80 86 94 37 59 65 85 79 102 51 118 88 99 40 82 9 6 16 4 31 8 46 35 43 62 54 91 23 72 7 96 107 55 44 109 124 67 75 41 64 116 34 98 76 25 74 77 30 32 95 126 19 36 119 38 123 101 87 17 11 84 66 57 
18 122 123 107 37 120 3 39 89 124 73 36 33 27 21 112 61 72 93 46 10 25 2 59 8 64 103 60 83 51 101 62 35 19 119 111 22 70 86 109 28 110 48 16 55 75 90 99 121 13 94 14 85 113 98 88 125 104 45 100 106 84 56 57 49 115 53 66 80 71 54 58 82 77 108 44 65 26 126 40 38 0 117 23 30 50 5 74 69 15 24 78 31 20 42 95 67 41 43 96 11 102 105 68 12 34 52 91 76 29 1 63 6 97 114 81 9 4 79 87 32 92 118 7 116 17 47 
37 22 49 71 53 63 107 8 7 57 1 54 102 97 59 72 2 73 48 111 28 95 88 21 108 45 90 91 65 74 14 110 109 105 104 94 80 86 5 120 115 98 106 50 42 23 84 99 79 35 83 61 11 34 75 38 46 119 25 27 125 113 78 16 51 85 68 82 66 76 77 55 41 101 124 114 67 60 33 70 20 39 96 0 30 123 92 47 15 58 43 89 56 103 100 126 64 18 17 112 3 122 19 9 52 40 24 4 31 121 87 62 36 118 13 32 29 69 116 93 6 10 81 26 44 117 12 
39 89 40 0 112 5 33 114 3 63 36 41 52 101 66 92 68 115 95 100 16 67 25 72 44 73 28 83 48 54 55 18 86 79 78 13 53 96 24 27 74 121 77 69 97 31 12 99 10 76 80 11 8 37 75 58 64 57 61 38 119 51 102 82 125 14 84 17 88 110 49 47 56 94 81 70 108 116 123 50 32 30 91 23 107 34 87 45 113 21 126 43 42 22 65 62 109 124 106 35 117 103 71 29 6 9 19 20 120 104 2 7 59 15 93 111 4 122 90 118 26 85 60 1 98 46 105 
34 5 122 33 61 123 108 45 35 31 120 110 64 103 43 112 49 42 8 6 115 29 105 25 53 38 56 60 77 96 85 4 74 78 18 22 44 119 79 63 81 12 94 118 36 14 83 67 126 80 58 46 3 9 102 48 86 71 107 26 101 124 111 24 40 55 125 76 68 51 114 97 84 0 75 113 7 70 89 17 54 104 13 28 62 99 2 88 106 69 21 95 72 30 73 87 90 20 91 98 50 16 82 66 11 116 32 59 47 10 19 41 23 57 100 52 39 65 92 37 15 27 1 93 121 117 109 
118 17 6 36 119 103 95 75 5 28 50 78 21 74 115 27 58 43 111 56 112 109 83 107 96 23 0 20 106 35 79 98 76 40 53 105 113 108 88 70 59 3 11 71 47 41 10 94 101 91 33 61 55 124 19 117 16 62 13 122 86 89 80 54 45 4 102 60 39 73 114 42 84 49 93 126 14 87 68 125 72 22 63 97 37 44 99 77 104 120 67 9 81 66 69 85 52 8 92 116 110 38 18 51 48 34 46 100 1 31 2 26 32 121 7 12 30 57 82 90 123 15 29 64 25 65 24 
109 34 57 11 20 37 30 27 80 35 76 19 86 96 89 101 88 93 58 83 26 125 107 69 97 78 36 104 18 12 23 92 50 39 79 56 126 77 106 6 95 21 66 98 22 0 16 3 9 31 49 53 10 111 122 118 99 72 40 90 2 123 103 4 48 65 115 105 42 45 32 1 43 85 55 110 33 112 119 121 94 120 63 70 62 13 124 74 15 100 102 114 8 81 7 75 60 68 108 25 117 51 54 67 44 38 46 64 91 41 73 61 24 84 87 82 47 116 14 28 59 113 17 5 71 52 29 
10 51 16 53 24 57 14 103 18 58 19 56 15 121 96 61 80 76 95 84 98 109 31 68 69 40 107 60 78 11 50 7 86 102 37 41 114 93 44 87 29 13 27 25 81 97 116 3 100 45 62 113 119 42 82 21 79 20 110 120 111 66 17 8 32 39 46 106 1 88 92 48 124 118 6 12 90 52 26 35 33 83 112 123 105 43 34 77 89 74 91 122 0 49 71 54 63 99 125 28 115 38 104 108 72 22 23 101 4 64 126 47 94 59 75 36 9 85 73 117 67 65 55 5 30 70 2 
70 16 56 78 0 51 33 82 64 12 106 97 104 14 19 18 9 40 63 60 58 25 89 83 114 85 124 72 98 31 111 20 59 2 10 65 113 108 102 54 100 62 118 43 93 123 26 21 53 126 17 71 32 3 119 7 115 121 92 88 66 94 90 36 117 107 95 47 99 42 109 52 125 15 5 22 84 6 4 91 45 57 67 112 105 49 96 61 39 44 68 73 24 50 29 30 87 120 80 116 8 23 48 1 74 27 76 28 86 41 37 34 122 69 35 103 77 81 11 110 101 79 46 38 75 13 55 
58 37 92 2 35 43 28 83 27 21 57 105 77 30 69 24 32 72 0 61 19 106 65 113 88 15 9 120 98 7 31 93 20 86 62 80 14 68 110 45 38 84 49 125 16 34 81 17 76 97 102 126 53 109 18 36 111 99 117 75 54 67 39 33 103 104 10 78 13 63 73 12 96 26 95 119 22 1 23 108 3 87 11 94 100 48 5 51 123 42 85 79 124 101 41 29 121 107 46 70 71 59 116 122 44 114 60 25 55 118 4 50 89 56 64 82 66 40 47 112 8 90 91 115 52 74 6 
92 9 75 38 22 93 13 119 37 105 57 117 0 2 40 7 116 68 67 24 100 65 122 15 115 59 53 21 95 19 58 50 78 124 30 88 98 43 86 17 52 45 8 114 108 1 81 103 20 109 32 76 89 5 64 54 107 3 83 16 60 31 6 94 74 70 25 112 23 91 118 66 62 18 27 101 63 104 79 12 96 102 4 35 111 121 125 46 77 44 14 84 113 48 82 99 34 120 90 49 69 80 87 123 41 56 29 73 97 47 39 28 61 51 11 126 85 10 33 42 36 71 110 55 26 106 72 
48 67 1 109 36 30 49 56 65 58 38 13 51 72 125 50 101 34 19 57 3 84 98 79 123 108 23 26 97 70 124 14 7 12 0 53 31 95 22 89 6 110 15 39 62 93 122 73 52 111 55 29 5 75 76 43 42 107 116 10 69 121 102 32 24 11 59 86 87 96 105 44 4 91 90 104 41 21 118 20 18 27 100 63 37 126 54 117 92 61 64 81 78 9 71 45 28 83 114 60 113 82 120 25 99 40 8 46 112 119 16 77 106 35 33 47 68 66 74 94 17 2 103 80 115 85 88 
104 32 20 1 78 101 71 90 17 105 8 94 124 77 23 125 57 98 103 108 120 51 92 87 56 49 21 38 25 18 68 102 96 34 99 114 118 86 36 73 0 53 97 52 59 69 89 121 62 37 31 2 65 116 117 40 61 50 91 47 33 28 60 82 48 41 126 81 95 24 63 84 39 119 3 122 100 66 7 13 54 76 43 113 10 75 16 58 35 19 112 55 14 15 79 115 11 74 5 72 45 29 42 80 106 12 83 6 27 30 22 123 44 26 64 93 4 110 46 107 88 9 109 67 70 85 111 
26 25 59 79 115 28 71 94 102 93 73 118 67 60 58 48 9 17 54 27 108 24 113 40 42 7 119 10 36 52 1 124 44 35 63 91 5 122 111 45 51 114 87 66 75 107 80 99 105 76 64 77 85 86 2 121 98 97 104 110 100 29 89 6 92 81 84 50 47 8 43 57 90 46 68 83 96 11 30 109 16 15 38 78 95 112 23 116 4 37 126 22 3 32 12 49 33 123 13 70 101 88 0 20 125 34 56 72 14 18 31 74 55 39 106 62 61 82 69 120 65 53 103 19 117 21 41 
9 22 74 28 20 109 4 21 1 33 71 69 102 123 34 106 30 121 12 92 118 38 73 19 126 35 124 18 112 39 114 93 8 32 26 46 56 104 99 40 115 108 45 87 81 79 57 122 95 76 43 88 58 0 120 82 66 94 13 75 55 51 105 72 98 54 80 84 96 5 111 50 25 41 61 49 23 100 83 3 2 113 110 24 31 48 62 101 85 64 37 78 117 44 36 91 119 116 103 15 77 16 89 107 14 70 17 6 97 90 59 7 11 86 27 29 53 42 65 68 52 47 67 60 125 63 10 
2 64 75 70 26 119 31 0 67 61 53 121 20 17 105 91 117 84 69 109 45 122 60 7 34 16 98 103 101 76 27 106 36 99 62 63 72 42 55 79 126 22 93 1 112 56 74 5 52 19 58 89 82 111 6 8 4 10 18 68 15 95 46 32 9 3 43 88 12 37 33 97 25 71 41 120 77 86 48 123 54 39 13 125 92 47 102 65 44 28 30 73 24 59 85 29 94 81 90 124 66 115 38 96 78 51 100 49 114 50 40 116 87 23 83 104 35 14 107 108 11 118 113 80 110 57 21 
45 57 36 99 122 37 54 59 16 25 8 56 78 34 2 11 58 84 85 79 70 77 49 104 76 90 80 27 20 124 13 111 106 74 108 69 115 66 114 50 109 98 73 47 96 30 51 65 33 123 4 26 125 75 71 118 38 100 107 7 43 83 15 3 102 22 86 60 9 32 97 88 18 116 5 82 62 21 112 117 35 103 87 12 121 0 68 14 1 23 61 39 46 67 52 28 24 113 91 63 40 53 48 19 44 31 42 17 29 126 92 105 64 93 81 89 94 120 41 55 110 95 72 101 119 10 6 
95 37 119 45 38 8 124 104 6 85 74 25 10 15 47 20 55 61 35 109 16 0 67 86 117 81 94 102 12 97 66 49 93 89 7 57 76 65 42 70 80 73 48 30 98 116 28 122 72 63 92 108 18 32 53 2 50 36 52 51 62 120 17 60 96 114 21 75 41 5 56 46 19 40 88 121 31 59 34 13 33 3 71 123 113 23 101 100 43 111 44 103 110 125 68 64 14 84 24 1 106 11 90 27 9 22 99 112 118 54 107 78 26 105 4 91 77 126 83 82 39 87 115 29 69 79 58 
102 39 35 29 126 97 31 60 72 114 12 92 100 111 24 124 58 110 36 85 122 25 118 104 9 6 40 98 83 116 20 108 26 121 13 119 64 22 19 7 76 77 90 89 52 57 117 74 115 65 43 16 11 44 125 48 38 0 61 46 8 67 95 56 87 79 103 71 45 54 4 27 120 78 99 69 62 82 123 28 66 101 86 30 70 50 105 2 113 49 21 91 112 84 37 109 63 41 34 73 1 53 17 32 55 5 33 59 75 23 106 80 68 47 18 94 10 3 93 14 88 96 107 51 15 42 81 
83 99 69 42 13 3 52 121 43 44 81 5 0 98 101 117 29 38 103 87 71 111 96 18 50 55 105 114 116 91 20 113 89 97 68 60 74 4 115 48 35 72 125 23 15 19 118 49 47 107 2 31 75 22 26 67 28 58 82 37 109 93 102 32 36 119 108 65 100 30 45 92 64 104 9 73 51 14 126 62 78 70 54 25 63 16 122 56 106 90 24 79 7 1 17 46 76 61 33 59 85 27 40 123 77 66 124 8 120 21 10 41 110 12 11 84 94 86 88 80 6 95 34 39 112 57 53 
72 115 57 39 69 52 95 58 20 120 66 100 86 37 28 27 49 70 43 13 93 51 111 22 11 50 84 3 9 64 48 104 117 5 96 76 108 83 97 73 24 68 113 19 55 106 10 112 91 44 8 61 47 116 2 45 17 89 12 36 35 94 34 81 122 107 126 33 88 32 67 119 123 71 60 65 1 102 124 99 79 75 80 25 103 42 110 121 114 118 78 63 98 74 125 16 53 77 15 105 87 109 85 62 31 92 14 54 82 4 40 29 41 26 30 101 0 21 90 23 59 18 7 56 6 38 46 
114 84 88 15 98 61 22 1 73 107 33 27 79 52 78 43 115 2 67 80 9 37 122 123 94 4 25 90 26 58 76 120 20 118 10 42 64 86 59 97 100 36 14 54 117 6 108 111 39 126 91 66 5 106 12 68 95 99 62 21 8 29 96 102 83 113 101 119 81 49 103 38 93 71 11 34 44 75 121 74 28 47 57 45 89 0 46 48 13 51 16 110 124 7 50 70 19 104 69 116 24 77 17 40 105 82 55 87 30 3 85 56 109 60 18 63 92 23 41 35 112 72 53 31 125 65 32 
119 93 118 68 95 110 1 30 67 66 103 45 91 82 71 79 124 5 89 51 22 32 11 81 27 92 107 43 17 105 72 116 101 23 20 55 73 77 85 88 102 123 94 63 48 121 28 14 126 4 40 49 53 84 2 104 35 52 98 41 99 115 75 42 21 70 83 125 120 39 38 19 33 18 34 78 90 7 61 74 47 87 50 8 106 108 69 96 65 25 31 112 3 0 111 56 76 100 37 44 16 122 57 114 64 54 86 58 13 113 60 12 62 80 36 29 15 9 97 10 26 6 46 109 117 59 24 
0 124 19 104 110 7 18 75 74 70 40 97 116 114 9 30 71 103 85 68 50 102 54 52 34 73 20 25 105 44 47 53 13 58 2 80 22 6 82 38 36 93 10 65 12 112 100 64 43 16 92 57 76 23 66 79 91 21 122 108 48 119 35 51 126 78 31 115 63 77 28 83 26 46 45 49 69 56 84 41 120 14 37 55 5 88 27 24 62 59 86 60 3 81 89 106 109 96 15 67 123 113 98 32 95 121 118 1 90 125 4 61 33 111 87 8 107 101 42 29 72 99 39 11 17 94 117 
117 103 60 74 100 8 75 97 106 92 66 81 69 101 22 50 104 82 0 48 94 67 114 87 34 30 112 80 124 61 90 62 110 37 123 68 31 109 111 19 96 25 126 6 2 5 49 119 83 55 20 11 45 64 89 54 76 118 98 95 44 56 46 10 65 84 121 102 28 40 43 4 115 3 38 15 78 21 42 116 58 53 105 108 122 113 33 29 93 86 52 63 71 35 24 51 59 72 107 36 9 99 12 88 7 73 18 39 13 41 57 79 1 77 47 85 27 91 125 16 17 32 26 120 14 70 23 
29 103 80 126 41 99 5 46 39 28 97 33 55 31 76 57 75 26 96 120 123 42 112 30 67 21 104 54 85 119 79 95 62 121 13 0 36 118 77 63 47 7 88 34 59 66 19 89 17 92 84 101 49 113 22 100 52 32 14 73 122 51 20 37 94 12 44 10 116 106 82 23 102 91 38 115 107 125 109 18 53 4 64 43 71 40 1 11 83 61 74 117 93 58 105 69 87 98 9 108 2 81 72 70 24 86 78 8 114 27 25 3 60 110 16 124 90 6 111 48 35 50 68 15 65 45 56 
121 95 89 96 98 65 4 87 113 14 58 45 86 124 7 15 37 49 109 120 50 30 52 107 81 114 61 91 115 44 20 78 71 112 72 41 57 19 18 111 123 29 8 3 9 64 103 116 97 77 34 42 90 79 46 80 76 82 62 122 23 26 88 69 51 5 118 75 40 106 56 28 100 36 16 27 0 108 73 6 48 55 84 1 53 11 22 13 126 125 21 85 101 63 119 66 104 17 74 43 93 67 35 94 83 33 70 105 39 32 25 24 60 68 117 59 38 99 110 92 10 47 31 12 102 54 2 
71 0 90 61 117 59 1 75 74 99 124 108 56 100 39 83 93 94 92 6 109 3 102 95 119 43 9 118 16 32 86 115 55 50 44 89 8 37 91 24 33 67 35 79 21 87 64 42 103 41 63 38 120 123 97 62 5 105 72 25 76 114 112 53 57 34 96 77 49 10 52 12 70 15 47 29 85 66 28 126 7 20 125 80 18 27 60 4 51 40 82 13 113 81 122 107 58 84 11 69 65 68 36 23 30 111 98 19 104 78 31 26 116 73 54 14 22 106 2 45 121 46 88 110 101 17 48 
56 45 21 31 28 11 88 120 22 101 61 96 3 29 118 24 110 32 89 63 18 80 12 111 38 98 37 75 40 25 82 58 35 74 53 78 67 30 17 109 104 77 10 100 48 2 79 20 34 7 41 113 6 19 36 60 95 107 114 106 42 71 46 47 64 50 83 66 65 59 57 44 13 93 68 86 117 123 39 105 0 108 70 69 115 1 26 23 52 84 124 97 73 85 99 27 55 15 51 9 14 76 8 49 91 103 121 16 102 33 126 87 90 5 4 94 112 116 92 122 54 119 81 125 43 72 62 
82 96 24 33 88 20 69 89 10 38 86 94 4 45 35 9 3 117 1 36 119 41 71 67 78 63 51 77 124 44 84 122 80 52 70 111 32 54 2 116 50 16 39 30 31 98 64 79 62 29 126 113 108 53 26 97 90 114 27 14 83 106 55 99 21 72 65 56 93 103 19 107 125 22 61 43 13 91 73 92 74 81 104 12 28 87 123 57 7 18 115 0 15 23 37 109 47 46 68 76 25 120 121 95 102 118 34 75 49 85 110 5 105 17 48 60 42 112 100 59 40 66 6 11 8 58 101 
74 32 115 39 117 57 62 8 2 10 51 83 7 24 94 96 120 52 37 92 29 111 50 82 84 88 64 25 45 86 95 116 1 100 55 41 103 21 91 31 60 58 78 99 107 105 126 67 4 12 97 19 81 89 125 77 33 6 71 90 104 110 30 16 13 40 5 27 3 109 65 54 72 38 61 59 28 113 46 123 114 70 9 18 15 53 76 20 68 75 66 79 69 47 34 43 14 11 124 63 17 56 22 122 44 0 101 80 26 36 42 102 93 49 48 35 119 106 98 23 87 108 85 118 121 112 73 
8 45 105 83 58 121 81 69 98 111 37 92 70 68 19 34 125 2 114 18 91 59 4 49 64 32 52 120 40 51 60 36 73 11 42 116 55 50 13 107 124 12 90 72 65 28 97 74 115 29 113 103 110 71 101 1 57 122 23 109 87 95 88 14 31 66 33 48 39 41 106 61 104 76 67 108 86 30 79 22 27 89 24 96 15 84 126 17 94 62 75 10 100 9 77 78 82 43 20 117 0 38 99 26 46 7 35 47 93 112 21 56 44 53 3 123 6 16 5 102 118 85 25 54 63 119 80 
101 24 50 122 89 86 35 3 74 111 103 117 85 0 95 29 125 102 17 115 33 91 37 22 34 47 20 93 4 80 51 97 23 126 46 94 40 118 75 71 107 105 99 106 96 78 70 83 39 120 41 19 27 119 28 31 76 58 73 61 62 68 110 25 52 87 55 114 81 60 1 100 113 11 53 2 16 109 79 8 9 43 7 66 121 5 77 72 13 26 69 44 48 32 42 56 112 123 45 18 21 65 88 6 59 98 64 90 67 15 124 84 12 116 38 63 10 82 54 30 49 104 36 57 92 108 14 
57 74 94 43 36 111 0 83 120 52 88 9 65 17 124 112 126 25 118 33 102 82 6 71 22 95 69 122 117 121 92 1 54 48 31 47 91 110 26 13 107 75 21 61 68 78 7 2 63 40 15 96 34 49 11 41 18 27 89 55 70 115 108 67 46 60 123 80 4 44 62 113 93 76 19 42 100 8 29 32 10 56 24 64 106 30 97 38 81 45 103 114 16 53 39 28 59 66 5 50 85 90 35 116 98 73 77 37 99 119 104 101 58 20 72 51 14 3 23 84 125 109 87 79 105 86 12 
98 75 38 118 106 57 23 55 89 121 78 20 48 44 10 59 17 6 85 11 14 108 3 19 36 87 24 29 113 117 119 21 84 22 103 115 25 61 46 39 82 0 58 79 63 125 72 51 67 114 90 120 70 74 81 60 2 94 92 97 104 76 86 37 88 123 31 26 65 18 71 34 42 52 47 116 50 12 124 41 35 53 40 1 4 62 101 77 126 15 9 112 7 30 73 80 96 43 8 33 13 122 66 91 107 54 111 93 49 28 100 5 105 64 109 45 110 95 69 32 68 16 56 99 83 102 27 
73 126 30 16 125 1 122 84 19 70 80 64 49 53 101 55 2 4 40 106 88 109 94 0 116 113 52 32 28 29 67 96 58 10 79 99 104 21 42 47 3 7 83 93 56 81 44 92 110 115 15 107 37 12 50 103 74 75 100 45 89 38 17 90 23 85 18 62 71 48 11 13 26 59 9 33 119 124 76 8 91 68 34 72 54 41 6 66 46 31 27 5 82 65 120 112 22 43 25 24 57 35 14 77 121 63 95 108 39 97 86 111 61 123 105 78 20 36 69 118 60 117 51 87 114 98 102 
76 105 97 74 92 75 52 82 29 59 114 86 98 71 60 26 33 8 104 11 87 47 107 45 67 27 43 10 116 0 93 122 123 84 48 17 110 95 111 15 55 99 30 3 37 125 112 73 85 7 88 13 32 44 69 62 36 109 41 6 65 14 31 40 4 63 35 38 50 121 101 1 39 103 96 70 24 91 53 21 19 16 77 9 49 80 56 68 20 113 34 119 42 18 46 78 58 72 25 124 54 83 61 120 89 102 57 115 23 126 118 90 117 79 28 2 81 108 22 51 106 100 66 94 5 12 64 
87 42 124 43 55 24 19 120 93 110 105 115 45 91 111 70 78 14 98 38 1 84 33 92 17 89 79 26 114 56 60 0 21 100 31 13 86 74 106 16 28 102 4 10 18 29 40 47 117 108 41 122 83 53 22 112 35 34 125 36 48 23 88 20 49 51 30 54 39 25 2 50 123 12 27 126 75 3 109 37 67 9 6 44 96 68 72 118 69 113 52 59 58 81 121 90 63 82 71 97 32 116 5 57 77 64 119 46 103 61 65 8 104 15 62 85 66 7 107 80 11 95 76 99 73 101 94 
2 121 29 38 42 122 41 44 68 87 22 81 1 64 119 115 106 100 82 63 24 58 12 9 61 92 55 11 16 25 6 93 37 3 10 20 60 75 111 62 72 49 54 26 46 123 86 117 85 5 35 56 47 7 95 33 125 66 50 36 108 18 103 78 98 105 65 109 114 19 57 21 28 4 77 74 107 118 52 126 101 76 67 23 51 48 94 124 116 34 120 59 97 39 8 113 32 90 17 70 80 83 69 110 31 30 104 91 53 79 0 14 45 71 99 102 73 96 84 43 13 89 112 27 15 40 88 
115 124 108 44 16 98 89 100 60 72 9 3 17 15 84 48 46 105 125 68 96 1 36 45 20 0 79 14 32 2 53 90 38 66 28 31 114 103 112 82 85 30 94 109 23 6 91 27 111 80 78 7 81 71 102 37 50 116 97 87 83 35 88 62 55 101 117 4 93 33 54 8 21 52 40 64 47 25 113 56 95 126 67 22 19 70 99 24 110 61 120 10 34 73 13 39 121 57 11 106 42 92 43 75 12 29 49 63 118 74 5 65 104 59 77 69 26 123 51 58 86 122 18 119 41 107 76 
45 74 9 80 110 27 61 76 51 12 95 16 81 69 115 31 105 106 8 38 71 70 42 26 96 116 18 0 49 117 24 83 22 84 100 29 15 14 23 75 82 32 46 17 1 120 89 20 54 33 47 90 34 13 113 60 57 19 11 53 52 2 43 121 125 72 64 104 50 103 48 58 91 77 94 66 78 56 124 55 109 111 97 118 10 41 21 88 107 101 44 122 112 98 67 99 37 25 102 73 92 35 123 6 65 126 62 63 108 86 40 7 39 30 59 68 36 5 87 3 4 93 114 79 119 28 85 
95 65 57 47 38 118 72 29 33 41 51 3 86 60 34 50 101 13 96 122 120 90 107 105 75 104 89 112 82 117 71 110 12 52 11 80 81 73 55 93 2 66 19 56 121 37 91 99 59 113 7 25 5 15 54 116 106 68 39 44 87 88 92 9 22 40 24 74 100 36 26 10 35 49 103 17 21 14 4 53 85 84 42 1 43 108 31 123 69 98 64 102 115 77 28 111 79 20 78 32 119 97 109 76 48 30 46 18 94 27 6 124 70 58 8 114 125 45 16 126 83 61 67 62 63 23 0 
110 48 89 95 40 80 99 22 124 70 6 26 44 100 25 71 120 66 111 45 59 2 114 15 112 60 52 93 53 8 94 113 96 0 58 17 47 13 69 123 101 88 108 49 74 118 16 24 81 126 51 21 125 31 35 34 98 105 84 37 75 72 9 82 67 119 27 54 4 63 83 90 122 1 121 116 14 3 12 61 73 28 97 33 62 36 109 92 77 79 104 38 23 115 42 10 5 19 32 7 103 18 85 117 56 43 50 64 87 91 57 46 102 11 65 107 68 39 78 55 86 20 29 106 30 76 41 
