130 100
100 107 58 26 14 119 13 99 106 57 121 95 60 86 81 82 1 49 55 16 37 91 64 80 103 46 118 61 98 45 110 36 62 116 127 47 18 3 7 76 51 101 63 117 32 38 22 87 72 122 90 19 44 35 66 128 54 75 74 96 113 30 27 50 21 17 34 24 93 25 109 115 124 77 0 20 52 5 10 8 23 2 92 123 68 84 67 73 33 28 71 29 53 40 79 88 108 41 69 65 114 125 104 12 4 78 9 39 15 94 89 129 43 102 56 6 42 70 126 97 105 83 31 48 85 120 59 111 112 11 
76 81 27 24 100 14 53 33 26 88 129 36 23 114 66 62 12 50 119 15 45 51 56 111 71 83 96 19 58 109 65 118 89 99 86 73 28 7 98 67 59 10 55 11 52 8 20 101 108 125 82 79 68 87 126 121 57 37 75 54 115 44 64 48 3 70 18 113 0 105 91 41 22 61 92 104 102 93 47 42 40 110 120 103 106 128 107 1 69 46 123 39 74 4 90 2 77 80 32 35 25 124 78 13 95 38 30 34 122 6 60 17 49 5 21 72 117 9 63 94 97 85 112 43 16 29 84 31 127 116 
56 59 105 2 57 39 81 119 111 108 76 102 28 62 79 100 129 107 92 86 34 20 11 123 82 69 3 17 41 120 87 78 88 114 1 73 33 66 12 116 23 126 85 95 35 122 104 83 36 94 75 26 80 99 18 19 77 38 5 49 37 67 7 16 54 53 52 89 4 21 110 50 32 44 117 109 64 115 97 14 6 13 113 60 0 48 30 127 98 71 72 74 8 128 65 61 25 47 101 22 93 15 51 91 27 68 45 124 24 121 55 29 84 63 42 10 58 106 46 112 90 9 31 40 103 118 96 43 70 125 
96 82 73 121 113 129 62 106 69 29 89 114 32 36 86 66 57 108 49 76 14 125 4 93 71 61 85 22 78 1 24 91 21 16 20 124 100 116 48 51 107 59 119 122 97 5 99 109 127 77 117 111 87 68 31 28 52 41 70 92 38 63 45 15 42 39 50 43 44 11 105 12 35 58 65 46 3 81 8 60 102 23 112 34 0 101 98 33 75 47 67 7 118 80 30 37 17 110 126 18 95 40 84 56 123 94 26 88 25 120 9 90 115 53 10 55 13 64 104 72 74 19 103 27 6 2 79 128 83 54 
22 19 124 61 94 17 79 93 98 92 12 27 10 101 54 117 63 82 44 89 0 68 42 40 20 41 47 106 99 74 60 107 59 75 72 48 5 95 129 83 13 67 3 29 57 31 15 105 128 103 7 30 23 121 51 66 14 102 122 69 80 50 65 85 25 77 125 18 126 45 4 90 52 46 104 91 43 2 9 120 24 70 55 78 33 35 76 16 38 114 32 112 8 113 11 36 88 87 116 119 84 96 109 6 64 73 110 127 100 97 49 58 56 37 123 21 115 86 34 108 39 62 118 26 71 53 1 81 111 28 
114 59 88 43 24 110 50 17 29 0 9 99 108 101 81 56 111 129 52 124 33 57 75 80 68 104 125 87 70 53 58 112 65 55 71 45 115 2 37 3 62 11 123 61 12 5 4 118 64 127 92 83 107 46 106 51 126 79 18 22 93 98 78 116 95 44 82 40 32 76 60 21 28 48 16 27 113 100 103 67 119 35 77 41 19 6 30 128 15 84 94 13 1 49 8 14 73 63 90 72 117 74 7 121 66 20 47 42 38 105 122 26 89 10 69 25 102 31 97 86 39 85 91 34 109 23 120 96 54 36 
41 93 96 108 89 31 44 97 23 113 38 124 10 107 72 119 29 16 13 40 88 110 120 128 63 52 30 11 59 45 53 25 90 32 39 35 12 109 22 54 74 51 103 5 73 102 80 104 70 82 121 57 115 106 105 33 15 99 101 56 68 111 42 20 55 77 17 127 34 98 3 122 129 14 100 27 61 46 123 81 60 2 0 26 92 43 95 49 118 1 9 78 79 37 116 64 6 67 87 86 21 91 24 114 69 58 65 28 8 83 66 126 50 7 47 94 36 19 85 112 76 62 71 117 125 18 4 84 75 48 
114 74 14 84 55 69 23 109 127 110 112 34 31 88 21 20 61 57 65 102 107 38 33 72 51 12 83 78 119 50 59 76 47 15 48 16 19 30 93 28 91 103 2 122 128 17 58 71 90 124 41 35 49 113 126 62 129 44 68 85 3 63 73 22 39 116 27 40 25 121 104 66 101 64 115 106 9 105 52 53 67 13 108 36 123 77 8 117 4 1 37 92 5 81 32 87 29 43 99 82 6 96 7 56 97 24 26 18 79 89 94 98 0 100 54 46 125 86 11 42 80 111 10 70 60 120 95 75 45 118 
115 112 85 46 127 3 96 101 52 72 116 24 128 121 95 2 73 27 75 59 36 117 37 10 35 23 125 94 107 120 11 81 123 48 129 93 33 18 86 26 97 106 14 61 16 126 89 77 114 83 103 49 58 8 67 91 50 92 15 104 43 28 19 124 21 57 55 69 70 31 7 42 62 90 9 76 87 102 63 88 122 74 113 29 44 41 0 34 119 1 98 110 53 54 108 22 68 25 40 109 65 60 66 20 71 99 51 105 80 111 17 12 82 118 100 4 84 79 38 5 39 64 32 47 13 78 45 56 6 30 
47 61 4 117 52 62 67 85 113 48 37 86 82 76 71 126 19 99 79 110 97 119 22 23 9 3 54 125 103 129 118 7 91 66 56 121 32 73 95 59 114 57 10 58 112 65 33 104 74 15 101 93 14 43 124 115 5 38 75 64 77 21 11 111 28 68 42 1 51 13 122 30 96 50 25 128 8 78 53 87 106 31 26 127 44 109 81 35 46 27 2 60 40 108 90 84 70 17 123 83 36 0 92 12 55 24 89 120 63 88 72 116 102 69 39 105 18 34 80 94 6 107 20 16 41 49 45 29 98 100 
9 68 126 0 108 43 48 94 42 19 84 69 73 20 92 21 80 2 36 34 29 31 63 107 47 95 39 81 83 115 57 97 104 27 70 40 122 11 3 71 51 60 124 65 116 88 111 4 86 109 49 105 98 128 22 55 112 72 7 78 24 54 33 1 37 99 15 66 118 18 100 28 114 79 101 87 38 56 120 102 25 85 64 103 46 76 82 119 125 59 110 127 35 23 62 41 129 14 67 123 53 6 93 10 61 113 90 45 16 17 58 50 74 106 13 91 30 12 96 121 89 26 44 77 117 8 52 5 32 75 
68 69 102 51 100 111 3 18 108 103 44 52 49 39 20 97 129 7 17 122 79 25 95 8 15 55 26 36 88 22 14 75 106 101 53 27 123 28 30 0 91 116 78 40 74 114 99 67 80 107 37 12 113 47 81 125 120 50 34 10 59 112 11 71 21 70 2 92 64 43 63 62 56 61 24 93 109 32 118 6 16 82 87 31 128 96 33 65 90 42 41 127 85 57 66 94 126 124 117 5 4 104 35 23 77 86 58 115 29 105 54 38 1 48 89 13 46 19 119 98 73 84 60 83 72 76 9 121 45 110 
25 23 112 18 79 106 113 71 100 86 30 34 82 114 3 88 102 118 35 83 84 81 128 91 76 101 16 108 15 120 55 68 96 29 2 125 126 99 129 0 11 59 95 26 92 98 7 13 107 32 31 19 49 123 44 40 93 67 69 73 105 62 48 90 109 53 52 87 47 111 110 27 57 42 6 56 58 10 24 54 119 33 17 122 85 41 72 115 21 37 63 117 70 22 94 5 116 89 43 61 28 104 80 66 45 77 36 51 60 4 1 65 121 9 75 64 20 14 12 46 103 74 50 127 39 78 97 38 124 8 
43 89 100 105 2 117 115 31 99 81 96 85 90 71 101 44 21 108 91 60 113 3 16 8 39 106 52 67 47 54 0 37 82 94 68 30 49 116 77 51 1 111 72 56 40 119 11 127 75 22 93 65 79 107 5 120 13 61 36 78 63 95 18 69 110 76 129 28 59 29 26 74 24 128 7 124 27 10 45 83 123 84 92 125 88 121 41 12 70 19 64 34 98 97 20 9 32 6 15 104 86 25 14 102 42 48 73 62 114 23 87 17 118 122 58 50 55 46 35 109 38 53 112 4 126 33 80 57 66 103 
57 62 7 68 101 128 65 89 36 90 39 25 70 32 105 104 29 35 37 49 120 46 5 22 12 107 121 54 24 113 2 82 94 56 9 30 73 110 10 11 23 26 18 102 44 92 116 122 97 69 66 124 129 55 48 95 83 34 76 4 81 51 72 53 85 21 31 93 15 6 99 67 45 20 47 64 33 96 109 38 80 41 42 106 14 1 115 63 91 88 77 112 61 58 75 27 111 119 3 117 0 13 86 114 84 79 123 28 71 43 50 87 118 74 16 98 103 78 19 60 126 125 100 8 17 52 127 59 40 108 
21 84 0 43 110 77 76 56 25 34 28 37 65 59 39 80 93 125 16 47 99 31 24 32 42 126 36 103 18 117 75 85 49 26 79 38 63 121 107 94 106 108 48 102 109 115 118 8 90 5 78 124 22 1 116 51 72 7 123 127 67 105 129 95 41 92 66 68 119 87 100 11 83 30 71 70 53 17 91 73 62 6 55 86 19 14 57 12 111 89 69 74 9 98 40 35 10 114 82 113 3 20 45 27 33 120 81 122 97 128 23 52 60 112 61 44 50 46 13 64 88 2 54 101 15 29 96 58 4 104 
49 20 86 123 47 17 9 95 104 5 82 89 36 11 102 124 64 67 106 69 94 113 73 93 79 74 37 33 59 34 8 62 115 118 41 21 22 78 24 97 26 58 85 25 39 14 90 88 18 16 28 125 29 91 107 44 35 4 111 66 96 112 77 127 53 87 98 72 119 71 103 105 63 114 42 109 51 121 110 57 12 55 75 128 23 129 7 31 13 126 0 3 56 122 92 68 52 76 54 80 50 120 48 46 116 117 10 101 15 6 40 83 99 43 38 2 81 30 1 45 70 84 108 60 27 65 19 100 61 32 
52 87 110 99 84 93 22 51 119 19 82 100 53 26 94 33 67 12 90 29 59 97 6 103 79 74 44 58 120 71 13 61 75 63 17 56 14 28 69 78 50 3 30 40 122 10 108 104 49 39 91 102 41 121 113 85 24 115 45 47 118 80 36 9 81 0 123 65 68 11 96 25 73 125 5 31 4 60 129 128 98 18 107 62 88 34 1 32 83 38 48 66 8 16 76 92 55 72 64 101 43 124 116 7 86 20 2 89 46 70 37 114 105 35 23 21 42 57 15 112 77 109 95 111 117 54 27 126 106 127 
50 115 57 55 1 54 102 110 47 7 86 129 68 20 58 44 5 120 93 79 16 6 22 31 48 113 121 81 42 125 101 123 112 11 36 8 39 34 122 99 3 25 19 38 107 51 49 87 24 104 96 109 108 26 76 32 35 116 90 119 46 69 97 72 82 73 45 29 37 80 21 12 17 71 85 65 94 2 106 53 64 14 70 75 84 100 74 66 13 98 30 124 127 67 60 61 0 83 77 128 15 9 23 18 63 43 78 88 118 114 117 91 62 28 10 33 92 103 111 95 52 126 27 56 4 59 105 40 41 89 
30 40 11 56 72 19 7 93 112 18 68 14 2 86 91 106 85 16 17 8 63 47 116 51 82 118 60 13 15 70 108 54 74 100 64 122 76 88 101 129 35 10 95 0 117 32 114 65 92 111 119 75 20 49 5 26 83 43 59 78 61 45 94 28 67 89 104 71 69 125 84 38 121 105 124 25 44 33 113 79 21 50 12 98 102 87 55 99 4 3 80 53 31 123 81 22 120 48 109 97 9 62 96 34 66 36 1 110 126 77 57 42 37 27 46 128 127 23 39 52 90 107 73 6 29 103 24 58 115 41 
119 52 115 108 109 114 63 72 98 20 43 55 95 101 48 66 77 40 5 10 62 38 87 123 128 39 27 24 70 9 90 41 118 4 112 117 57 14 59 26 15 121 30 67 73 1 51 35 8 13 44 93 37 75 94 31 61 33 49 22 80 50 99 28 6 84 18 65 113 129 3 23 17 126 116 54 7 53 71 56 122 79 68 42 88 2 47 81 46 34 78 125 110 69 45 32 36 74 104 21 58 83 103 96 106 111 102 97 64 11 25 120 12 124 29 19 105 91 82 100 89 0 86 85 127 107 16 76 60 92 
8 23 126 99 96 53 27 69 75 122 28 50 13 25 93 77 45 65 87 59 36 1 10 121 41 48 128 103 4 15 21 67 124 106 35 47 61 63 18 71 78 58 31 2 86 51 55 26 113 52 30 88 118 92 104 114 94 89 129 17 115 24 32 82 108 66 64 119 76 39 33 62 125 5 107 40 91 44 29 43 74 11 97 80 12 73 127 111 19 83 120 57 109 54 6 90 84 16 3 46 34 20 112 72 116 79 56 60 105 100 102 101 81 42 9 7 49 70 0 123 98 37 117 22 85 14 38 95 110 68 
8 34 102 119 2 85 113 24 84 56 83 108 54 96 1 123 14 26 91 110 79 38 37 18 107 75 51 23 12 73 82 94 115 47 59 3 65 30 78 122 103 112 111 126 66 50 4 32 88 9 13 92 116 33 124 21 39 64 46 127 120 81 41 27 44 22 117 62 80 53 106 6 17 10 7 58 98 118 57 31 52 11 49 67 16 60 129 40 19 48 104 114 128 70 95 74 71 15 29 101 55 89 43 77 86 100 97 99 76 28 109 20 125 68 25 87 5 72 63 61 35 0 42 121 36 90 105 69 93 45 
94 115 36 33 111 120 127 68 75 30 112 35 18 97 85 81 113 48 61 45 79 17 2 64 90 124 100 60 82 118 114 71 57 40 93 52 87 110 109 16 91 84 44 51 129 86 28 105 11 1 77 15 22 32 122 101 99 63 21 95 88 5 27 108 96 9 116 117 74 92 10 55 42 123 128 72 37 4 49 65 80 89 25 67 13 70 41 7 107 46 62 69 126 39 58 102 0 43 59 106 23 76 78 14 73 98 6 8 104 54 34 50 125 119 20 38 3 83 19 66 53 121 56 29 47 31 103 26 24 12 
33 12 10 30 70 112 72 41 45 34 47 79 24 49 37 77 32 22 17 127 52 62 73 4 117 8 81 21 7 91 95 64 20 40 90 2 120 3 121 39 106 100 108 101 6 9 80 99 114 43 1 104 69 50 125 27 124 23 88 118 116 51 115 71 68 89 122 66 42 61 113 103 57 26 123 0 109 14 105 84 63 46 119 55 74 48 96 60 67 5 110 16 129 38 15 94 82 97 92 29 13 98 59 107 128 56 111 76 102 35 75 85 11 86 126 87 18 78 44 53 65 28 31 83 25 19 36 93 58 54 
104 28 46 32 64 53 60 101 10 42 67 123 121 129 89 107 8 11 71 49 1 55 124 58 23 66 26 47 91 128 113 126 77 62 79 94 109 81 76 41 74 103 51 45 19 12 110 27 97 31 85 127 16 106 117 69 36 68 21 111 65 37 90 114 50 33 98 93 70 84 99 13 59 56 96 119 52 88 112 92 30 34 54 73 122 15 9 25 105 7 6 2 83 86 78 72 75 120 3 43 57 87 44 118 108 82 24 40 125 102 5 0 61 35 95 38 100 29 22 115 4 14 48 18 116 63 17 20 80 39 
54 96 19 81 126 90 116 117 22 45 39 61 110 64 73 41 33 10 6 91 15 128 78 49 120 114 44 9 42 31 29 123 109 2 21 115 8 1 80 30 56 119 65 27 88 83 46 122 63 4 68 35 48 97 113 55 26 103 0 69 98 11 13 99 92 59 7 57 50 71 67 89 74 107 53 70 40 43 93 62 36 95 5 101 17 23 85 129 75 12 84 108 3 14 86 125 52 94 79 51 20 25 34 38 121 66 60 16 76 82 28 77 72 32 24 112 58 100 124 37 105 87 104 127 102 18 118 106 111 47 
76 13 55 46 31 32 125 77 22 122 119 57 81 90 84 5 44 72 63 28 50 115 99 9 116 39 102 58 129 43 127 110 17 103 107 70 93 112 48 12 65 7 29 41 104 47 16 25 61 59 117 60 96 0 86 91 2 21 71 54 18 33 49 66 42 101 11 38 15 106 27 62 36 74 6 45 23 105 35 40 1 53 30 14 87 124 51 8 10 75 121 85 97 80 94 95 88 64 3 20 98 79 34 123 68 82 83 78 89 114 126 19 92 120 113 4 37 56 118 128 73 100 52 109 24 111 108 67 26 69 
18 72 110 122 32 129 121 21 93 92 27 79 118 47 91 20 87 37 109 26 30 97 73 102 13 69 6 35 1 99 94 11 95 14 34 108 100 10 64 51 41 119 38 8 56 76 52 63 114 4 59 123 90 17 112 7 111 29 115 24 50 106 77 67 65 107 57 16 68 60 101 74 19 5 88 98 104 116 85 117 58 46 36 23 105 61 9 83 120 80 53 25 40 45 42 54 43 82 124 71 96 103 128 84 22 12 125 86 31 75 127 66 113 3 28 39 48 49 62 55 33 2 78 126 81 89 0 44 15 70 
104 3 1 109 52 96 18 49 40 34 66 39 23 94 116 67 86 117 129 73 59 17 42 20 70 48 111 126 92 74 100 35 13 56 26 87 51 105 24 45 119 22 4 83 72 38 125 71 19 102 58 89 122 114 84 28 37 2 47 121 113 128 29 25 9 33 115 123 53 0 88 64 95 63 108 61 54 11 91 41 44 112 103 107 101 85 8 124 76 14 7 65 55 10 93 21 32 12 57 15 127 82 79 60 46 50 75 110 81 30 106 120 43 36 16 5 90 77 31 6 78 118 68 69 98 27 62 99 80 97 
52 49 92 10 8 18 63 104 94 23 74 1 113 4 87 19 42 125 5 64 89 21 11 98 60 127 15 107 38 0 88 27 71 95 112 81 97 32 3 6 28 90 14 39 51 43 70 82 47 62 128 45 36 13 65 67 86 103 115 116 69 121 41 73 109 114 126 29 16 101 61 72 56 106 35 117 33 80 119 83 66 85 7 124 78 12 68 50 108 84 2 40 20 55 77 111 48 54 129 25 76 46 102 110 9 44 96 53 59 100 122 75 57 34 26 79 30 37 17 120 123 58 91 31 105 99 22 93 24 118 
82 45 44 62 24 54 19 23 74 0 25 79 126 46 36 107 60 121 72 17 63 43 76 105 127 33 83 56 48 73 70 67 22 28 58 87 39 89 122 92 10 32 108 97 40 123 7 117 96 2 12 110 90 30 20 18 102 115 3 85 116 15 66 75 81 114 68 51 86 80 5 37 98 101 4 31 50 34 112 129 47 65 26 27 59 124 77 91 38 106 104 118 41 95 113 88 52 42 16 9 109 125 61 14 119 94 57 120 6 111 55 49 21 128 84 35 11 78 69 64 71 99 103 53 29 1 100 93 8 13 
78 88 16 62 1 3 70 5 85 87 64 14 102 126 61 106 37 13 84 96 111 95 4 71 21 9 51 15 127 17 105 107 63 25 116 128 76 10 42 33 36 52 123 125 114 109 101 45 97 113 2 23 53 0 94 34 18 22 26 81 121 80 108 28 11 46 75 30 6 48 29 119 67 86 54 110 82 7 66 41 39 20 49 100 43 47 38 56 44 90 73 115 24 31 55 103 60 35 104 72 98 129 77 59 69 12 40 118 120 117 19 93 8 83 32 57 79 65 58 91 50 112 99 68 89 27 122 92 124 74 
105 49 58 121 36 88 70 69 112 18 44 110 4 63 81 91 23 22 122 52 68 17 21 8 107 62 89 123 59 31 115 42 35 27 100 38 9 93 40 113 104 15 29 5 99 65 39 117 125 20 118 51 54 33 101 53 41 84 97 13 90 119 32 24 120 87 94 78 10 80 82 56 45 26 47 85 3 46 116 75 28 126 48 6 67 129 109 76 86 74 83 111 106 57 14 124 43 72 19 11 73 92 77 95 79 71 98 128 30 55 114 25 108 1 0 60 37 16 127 2 7 61 64 66 96 50 12 102 34 103 
96 113 25 30 61 34 38 6 52 70 82 57 69 46 89 88 76 110 112 10 8 23 49 104 53 102 63 33 68 115 32 5 54 55 35 42 19 92 65 4 66 22 1 126 114 78 15 85 81 103 106 48 29 75 84 28 86 107 129 20 74 45 97 95 64 26 124 90 125 109 93 11 47 13 58 99 117 128 67 21 51 72 3 105 127 108 94 40 43 60 116 50 37 9 7 24 27 100 17 111 119 39 80 59 62 56 71 122 41 18 31 79 36 83 0 77 16 101 123 12 120 91 121 118 73 98 87 14 44 2 
110 13 67 46 19 90 27 98 80 97 26 51 25 15 22 75 2 24 117 47 73 64 29 99 114 4 62 31 61 32 40 66 72 122 39 78 49 30 12 35 127 108 128 41 59 105 77 118 112 79 42 60 48 53 50 89 57 101 95 125 16 100 124 85 115 11 74 81 28 52 65 70 129 18 45 8 55 102 82 109 0 88 91 76 107 103 104 87 36 96 69 83 6 9 121 54 33 10 120 5 20 3 113 43 37 44 94 58 126 93 71 123 21 86 34 14 23 84 106 7 68 56 92 63 111 116 1 119 38 17 
126 8 62 26 124 37 80 82 70 44 11 20 118 59 109 89 125 42 18 60 45 41 91 1 25 49 28 108 14 39 85 95 81 23 12 2 47 111 55 3 104 93 99 127 58 71 66 48 17 102 52 35 16 51 24 90 64 86 0 30 31 22 129 77 97 115 46 78 96 122 29 114 15 43 19 83 92 119 67 10 5 56 33 88 53 84 7 117 61 72 57 103 65 63 13 123 32 38 76 110 100 4 68 128 54 105 50 34 87 9 69 120 74 27 79 40 121 107 106 36 75 113 116 101 112 73 6 94 21 98 
72 109 128 129 76 23 13 110 14 127 63 93 12 124 103 7 92 48 78 95 117 125 123 24 44 25 31 35 121 98 22 1 60 4 57 3 16 55 69 67 80 107 45 81 15 83 106 96 87 18 66 56 37 43 50 9 102 59 70 68 79 32 42 6 11 17 58 2 29 101 115 51 33 122 34 97 61 0 94 89 99 19 20 30 8 114 21 73 86 74 113 26 85 62 116 119 65 10 38 27 54 112 108 77 46 49 91 100 105 120 40 111 39 64 82 52 71 126 53 36 118 88 84 28 47 5 90 75 41 104 
56 1 103 28 76 81 59 124 31 84 122 117 98 8 75 2 52 39 50 12 71 73 121 5 57 24 119 69 19 48 105 118 13 22 85 67 34 16 60 6 21 35 10 88 115 55 72 114 65 112 25 77 123 20 29 95 33 51 63 9 62 106 82 18 47 90 64 74 120 107 17 127 66 108 38 99 53 42 36 92 111 79 11 68 126 91 37 83 100 49 78 89 87 54 7 43 97 104 80 26 3 61 23 94 0 110 58 40 4 27 14 113 102 45 30 15 116 125 41 129 44 96 86 128 32 46 101 93 70 109 
63 23 66 116 123 13 4 3 49 61 34 77 85 54 38 117 105 82 112 45 56 5 21 127 97 1 52 51 101 32 99 28 120 19 90 79 111 18 31 17 96 55 108 16 25 128 73 109 100 80 26 41 70 81 48 98 107 93 0 118 126 129 94 50 22 125 35 8 53 89 47 121 15 78 30 59 7 65 106 39 9 57 33 40 122 62 88 6 91 2 37 84 76 102 119 92 67 95 103 20 72 113 10 74 68 104 87 69 27 115 64 58 71 12 114 110 86 46 42 83 124 36 43 44 60 14 24 75 29 11 
128 108 27 106 49 73 47 115 54 90 75 29 95 46 6 39 124 55 53 4 23 81 76 14 98 0 22 120 44 94 10 111 77 59 107 79 126 64 72 33 43 125 71 56 88 8 116 87 103 20 102 85 99 38 19 118 63 110 92 35 25 61 123 69 45 100 9 68 117 113 121 42 89 84 127 18 70 57 78 30 96 7 32 37 74 62 80 48 12 67 40 101 41 60 58 86 91 51 114 119 13 97 3 105 66 109 93 112 36 122 83 34 82 5 50 52 28 16 26 2 65 31 24 21 129 104 11 1 15 17 
96 13 40 5 84 81 83 85 12 31 109 100 119 59 55 86 97 88 103 89 108 0 105 45 53 38 46 10 63 58 20 110 2 73 28 71 87 56 68 75 118 104 37 11 41 126 60 69 25 79 8 102 50 122 90 121 57 54 99 43 7 32 42 78 76 129 15 72 16 128 64 24 62 124 3 92 9 114 120 116 61 77 4 82 34 112 6 107 52 80 29 117 98 67 17 93 113 23 70 27 65 115 106 111 22 19 49 95 74 1 91 30 33 51 47 125 44 18 101 35 127 21 48 123 36 94 26 66 14 39 
64 122 101 63 47 11 13 128 106 8 24 104 93 21 76 30 15 125 66 44 88 46 87 84 124 59 55 43 115 45 91 111 4 16 22 32 61 39 48 50 2 107 33 83 68 14 69 37 0 118 100 52 6 92 31 41 7 112 1 38 25 70 108 123 71 29 42 82 119 18 129 89 40 98 103 3 121 53 9 95 28 10 26 60 94 97 109 74 110 27 90 56 72 12 34 5 120 117 57 58 79 126 85 96 54 102 35 23 36 75 113 51 73 65 86 99 20 127 116 114 78 80 62 77 17 105 19 49 81 67 
5 14 76 9 79 4 48 114 60 28 41 20 81 109 84 129 80 70 53 75 17 125 77 89 126 36 101 22 86 104 46 58 120 105 111 38 82 106 118 13 34 37 25 47 116 68 54 112 49 97 55 31 74 59 8 91 96 100 71 42 90 115 67 1 12 122 30 35 123 11 15 103 63 21 3 29 50 99 45 69 65 19 61 51 87 117 83 121 94 10 32 64 127 113 33 39 56 85 23 98 57 92 27 128 2 6 102 95 52 66 26 62 88 78 73 0 107 93 43 44 72 16 18 108 119 40 124 7 110 24 
52 0 59 29 123 49 51 31 53 98 93 108 118 113 40 63 47 80 35 70 104 90 30 122 45 32 4 88 24 121 12 1 21 71 69 7 85 102 124 39 120 101 9 106 100 2 115 127 95 55 72 83 34 41 96 94 17 57 19 107 20 78 64 25 103 68 3 114 111 18 22 27 43 116 84 65 117 74 129 46 67 61 62 56 110 38 109 6 60 89 76 91 42 26 37 5 112 119 75 36 92 16 58 28 33 128 97 99 44 79 81 105 77 54 48 82 23 66 87 125 8 10 13 73 14 126 86 15 50 11 
90 27 107 30 23 3 128 79 64 8 62 55 118 82 106 25 88 19 68 15 126 65 104 121 77 37 44 120 93 127 18 42 98 72 113 10 20 35 103 86 92 119 60 96 0 38 34 4 109 11 74 1 112 12 94 5 61 69 21 66 105 53 76 87 47 13 80 125 84 9 52 63 95 24 124 40 46 7 22 99 75 115 129 110 54 108 50 41 57 32 29 16 48 111 91 39 14 45 67 31 97 2 71 123 43 114 100 36 56 116 17 85 59 122 78 51 26 70 49 81 6 102 28 83 117 58 89 33 73 101 
44 85 74 37 60 81 31 99 73 29 68 94 48 128 93 33 14 46 120 3 91 79 100 34 13 16 11 21 70 129 83 75 78 38 92 111 30 27 107 49 12 20 26 112 52 97 113 90 56 40 45 7 35 76 9 5 54 87 125 47 67 102 63 114 59 4 89 64 50 104 115 32 117 101 108 106 66 2 95 116 17 62 8 71 119 22 110 69 19 103 122 25 126 88 36 96 65 127 82 57 105 51 1 61 124 80 10 18 123 84 28 77 43 53 109 15 0 55 41 86 72 39 23 58 42 121 118 6 24 98 
108 66 25 88 53 105 14 45 127 115 73 94 40 123 26 39 60 78 87 104 96 23 12 1 81 6 3 2 91 83 68 59 46 47 90 100 116 71 103 64 56 79 33 76 80 20 0 28 106 119 114 27 74 63 44 36 15 10 29 122 109 82 37 67 31 5 48 17 38 97 110 89 50 52 112 35 85 93 62 117 69 70 13 21 98 51 95 58 101 9 102 11 7 124 99 77 55 113 120 107 4 121 24 129 65 18 125 54 128 32 43 49 75 72 92 61 42 84 30 16 111 34 8 22 19 126 41 57 118 86 
72 2 55 34 94 44 111 6 5 115 3 29 124 61 88 102 1 27 24 48 18 8 50 59 106 95 35 4 83 120 73 96 66 93 68 33 75 54 125 0 87 57 37 122 52 14 79 107 126 41 110 117 80 26 99 121 16 74 56 49 53 70 63 98 32 30 64 10 31 17 119 42 45 9 113 90 36 105 25 77 127 7 58 108 43 12 112 84 109 118 40 65 85 60 78 97 28 116 19 11 114 82 46 51 91 81 39 21 69 101 67 20 100 71 86 38 89 129 62 47 92 104 13 76 23 15 103 22 123 128 
126 74 129 117 22 9 17 61 81 26 88 52 66 128 85 76 24 89 99 115 65 16 8 57 84 97 124 28 11 94 55 31 98 125 82 43 13 6 95 108 51 2 1 44 3 102 103 70 37 59 20 112 25 96 39 72 14 110 36 77 19 42 90 113 21 10 33 116 68 73 62 53 64 118 69 120 79 12 92 49 23 105 100 104 60 15 114 38 7 29 67 45 30 47 78 80 121 91 27 122 106 58 119 41 86 48 127 50 46 54 18 93 5 56 107 63 101 109 35 4 123 75 0 83 34 111 32 87 40 71 
117 3 122 67 36 51 82 12 33 101 120 26 118 28 74 87 25 27 58 40 78 60 2 55 107 5 104 93 75 31 111 32 86 15 80 119 95 64 97 21 7 37 99 112 13 23 123 45 115 96 128 48 17 65 50 18 30 81 71 92 100 1 85 59 113 110 14 73 108 68 10 102 124 43 77 56 84 29 4 114 69 105 103 52 76 46 61 70 38 94 109 39 53 90 63 62 116 19 126 47 129 44 72 41 106 6 98 49 57 89 88 8 9 34 11 91 121 66 35 54 16 24 0 79 125 20 22 127 83 42 
14 65 46 2 111 71 52 76 60 90 67 105 35 19 27 29 104 24 98 47 97 10 96 110 39 40 1 32 93 86 77 43 118 9 122 5 127 115 63 11 61 28 95 117 107 99 36 113 49 58 8 75 22 109 68 116 80 45 94 64 0 66 56 69 20 34 31 18 23 125 123 41 15 26 38 73 108 79 62 33 37 120 7 114 21 78 106 126 16 72 12 102 92 3 101 128 88 51 85 42 25 4 84 91 57 30 54 6 17 129 55 119 82 100 59 81 103 83 44 48 70 53 87 74 50 121 13 112 89 124 
44 43 53 76 114 101 80 8 2 15 24 3 64 113 30 38 20 35 46 95 26 79 102 17 96 34 62 77 90 71 6 0 51 119 27 36 106 97 49 89 81 103 73 69 126 45 105 60 75 22 56 31 68 42 125 111 91 19 61 74 33 16 100 28 65 78 83 10 127 32 18 21 72 84 85 129 11 118 117 1 29 47 112 82 9 110 54 55 52 13 98 107 63 88 5 12 40 121 109 87 50 122 58 70 14 128 25 39 123 124 115 4 48 92 67 120 23 86 94 99 66 116 93 108 104 57 41 7 37 59 
3 77 110 46 96 97 22 35 112 68 12 56 61 95 123 36 73 25 7 87 128 85 49 94 39 67 58 65 114 16 116 76 106 113 11 15 0 75 33 31 104 57 115 122 23 38 40 82 13 93 62 17 60 101 100 92 107 69 27 45 54 41 5 84 19 120 88 99 78 102 26 42 48 9 43 74 8 118 80 50 91 4 108 66 52 20 51 55 29 111 44 81 83 24 86 34 47 117 129 71 127 6 37 90 70 21 32 119 89 64 125 28 18 121 2 126 30 14 103 105 63 98 79 10 59 124 1 72 53 109 
49 59 78 75 76 7 57 11 65 25 84 97 33 64 113 43 66 99 36 39 45 87 62 77 16 22 27 23 30 31 3 108 37 121 2 21 5 86 47 101 129 26 122 41 13 70 73 6 58 110 107 72 96 50 29 90 1 126 116 119 10 54 118 40 55 18 9 124 111 68 35 103 114 128 51 125 102 104 15 61 82 71 48 14 98 127 24 83 112 95 60 52 115 94 80 32 28 69 109 88 100 56 34 81 38 19 92 106 17 0 117 120 8 123 46 89 53 44 79 85 93 42 4 63 74 67 105 91 20 12 
36 28 100 107 7 27 22 37 92 96 20 42 57 63 114 88 117 64 106 128 5 34 25 70 45 113 29 103 6 33 41 98 90 21 32 119 4 1 26 123 95 127 116 74 84 120 73 111 3 72 12 10 124 51 13 126 49 68 62 52 59 80 43 0 39 24 46 55 19 31 53 14 99 17 105 85 8 61 67 58 125 50 109 89 108 23 81 82 86 78 47 83 69 79 129 87 93 102 48 77 38 115 2 112 9 35 11 66 44 56 94 97 122 16 75 15 40 101 118 121 60 76 71 65 104 54 110 91 18 30 
60 46 15 115 22 120 28 33 5 96 68 79 40 29 19 53 89 27 91 85 32 95 26 47 111 99 25 73 21 69 108 42 104 92 125 72 74 88 114 122 7 36 52 10 34 57 44 56 67 55 12 93 62 80 102 76 107 23 126 0 6 66 37 98 17 77 24 39 86 16 2 11 81 75 3 31 118 8 128 109 1 119 84 54 18 117 43 90 105 121 110 127 49 112 50 94 129 65 116 101 82 58 106 78 124 35 83 30 20 41 14 71 97 113 9 51 13 48 87 64 103 59 4 123 61 63 38 70 100 45 
13 25 37 103 54 117 61 81 51 3 80 100 41 92 120 23 63 69 115 72 75 24 68 94 83 66 53 107 57 15 4 62 19 32 21 108 95 96 43 39 99 18 87 89 84 1 114 74 29 56 73 90 118 8 42 35 50 36 0 47 98 2 85 31 9 60 6 45 38 46 129 93 64 11 109 126 40 79 91 28 101 106 55 77 48 82 58 12 22 123 49 7 113 78 10 14 65 97 52 111 104 105 26 112 122 128 67 17 121 86 124 33 71 125 16 27 20 44 110 127 70 30 34 76 119 116 5 59 88 102 
75 118 13 60 77 94 15 97 54 51 92 114 20 79 123 43 112 5 64 9 52 71 116 34 10 4 127 24 110 93 102 29 28 27 67 47 76 57 88 37 42 7 78 100 33 115 98 126 61 70 45 56 32 80 53 83 122 16 104 69 23 59 58 99 41 124 121 84 36 72 1 38 44 40 125 19 63 22 128 6 73 18 39 105 46 12 30 11 108 106 96 26 2 95 81 117 119 62 55 87 50 85 74 113 101 120 3 49 89 109 65 82 129 35 25 86 111 103 48 31 90 91 66 68 8 14 107 21 0 17 
118 63 73 79 13 27 107 2 22 3 45 87 121 44 21 125 112 108 95 28 37 94 99 114 17 20 122 93 90 9 69 55 97 85 36 101 120 67 68 58 30 92 72 10 96 57 75 84 33 123 70 49 42 46 50 51 5 86 111 117 61 19 127 104 91 128 64 77 35 129 6 4 56 124 29 74 71 32 12 31 102 0 65 106 48 116 60 52 78 15 1 24 47 11 59 113 43 40 115 109 110 98 7 105 34 54 8 18 39 89 88 76 80 41 83 126 81 53 14 26 38 82 119 103 100 16 23 66 25 62 
17 45 47 29 76 51 75 6 27 49 14 129 103 58 117 54 12 102 25 85 15 52 123 97 110 44 77 32 35 57 116 42 36 107 46 63 66 127 81 5 82 115 67 126 7 96 55 31 64 4 118 100 22 111 104 30 87 101 39 119 28 61 65 38 121 21 60 125 8 128 71 114 73 50 9 26 93 95 0 10 40 80 78 106 13 124 69 1 90 108 18 98 16 24 20 59 88 34 109 120 83 112 19 56 79 53 33 122 43 41 113 70 74 105 94 84 99 89 2 37 3 23 68 92 86 48 72 91 11 62 
116 102 2 12 85 62 70 73 122 72 26 33 95 6 115 123 35 89 104 65 83 41 61 36 14 23 101 39 52 84 17 28 3 37 106 32 126 8 110 34 46 9 88 92 81 90 21 7 98 97 42 53 20 77 15 56 16 47 0 120 38 71 60 121 68 67 91 29 100 30 4 94 96 40 44 25 93 54 49 86 118 31 59 48 58 27 11 13 109 75 64 112 108 22 124 24 57 103 1 76 128 80 113 78 87 51 50 82 74 69 19 18 10 119 105 43 114 125 127 5 55 66 79 99 117 111 129 63 107 45 
125 43 16 6 29 27 59 0 77 28 83 127 4 112 121 120 89 48 128 94 36 106 91 57 110 9 117 78 111 87 88 100 51 30 58 90 66 72 64 47 69 42 54 53 55 80 68 105 35 122 97 81 101 126 96 5 109 46 17 65 23 123 2 11 24 84 21 14 61 98 12 99 33 108 63 129 116 95 52 103 18 41 104 75 10 19 92 67 49 26 93 113 45 107 7 102 15 13 31 71 118 39 50 3 60 86 22 37 20 115 70 62 32 114 82 124 119 85 25 40 74 8 56 1 38 73 44 79 76 34 
17 106 32 108 96 91 44 29 51 121 43 65 111 129 118 116 77 112 57 5 38 113 42 97 115 88 52 48 11 123 47 34 80 117 15 49 0 93 2 53 101 72 85 92 107 16 63 4 68 28 127 67 50 125 90 81 79 54 84 24 3 36 22 31 37 18 104 71 61 12 98 70 62 1 10 103 89 73 46 109 30 76 7 33 120 119 66 75 19 95 21 27 45 64 105 83 86 74 100 58 35 25 87 39 60 9 6 40 13 56 59 82 26 122 114 128 94 78 124 14 55 126 99 20 69 23 41 102 110 8 
46 96 21 61 60 1 81 99 69 124 78 38 104 84 110 68 14 33 75 93 44 43 49 123 97 54 10 62 95 102 105 71 87 48 94 20 7 34 100 103 76 82 88 19 85 32 73 89 128 118 18 55 113 30 91 37 26 36 117 16 115 101 83 56 114 24 127 108 80 4 111 74 70 9 106 22 31 5 72 17 86 107 58 27 42 11 121 126 15 52 98 29 77 63 79 122 129 51 50 23 119 41 8 35 116 12 3 45 13 53 112 109 92 67 57 40 125 2 120 90 39 28 47 0 6 66 59 64 65 25 
80 99 34 87 63 125 128 41 27 21 92 95 57 98 2 67 56 29 17 32 9 7 11 36 16 42 18 50 85 73 33 59 30 46 83 118 94 54 113 107 0 122 58 110 10 48 116 127 119 3 117 101 124 61 102 5 76 111 88 39 37 82 90 109 103 121 68 28 6 24 65 26 115 51 78 114 49 40 25 104 105 106 35 31 89 100 12 45 14 79 43 112 19 52 75 15 84 20 55 4 13 38 108 62 93 81 91 126 120 23 74 22 123 97 8 69 60 129 53 72 66 71 64 47 96 77 1 70 44 86 
88 44 24 84 122 81 20 118 57 103 124 58 41 26 61 63 115 23 47 43 11 66 97 125 18 17 49 86 112 116 105 75 38 109 42 87 94 95 7 27 34 29 106 21 78 110 117 37 129 31 50 2 55 35 98 93 77 48 5 102 60 68 71 12 72 10 65 46 25 82 8 121 73 80 62 32 67 59 107 69 14 92 30 53 111 128 119 113 91 36 16 89 120 0 76 56 9 74 52 40 3 101 114 22 85 51 28 39 45 33 123 70 99 83 127 104 54 96 100 6 108 126 64 4 19 90 15 79 13 1 
36 90 53 33 83 59 126 47 27 84 101 55 74 63 48 4 24 60 40 46 88 89 69 105 67 44 51 80 12 128 108 113 49 76 71 73 3 0 106 2 23 98 103 16 14 127 5 38 1 26 43 20 79 66 96 97 115 34 50 117 32 104 7 52 116 19 72 15 120 58 118 31 8 18 64 39 61 57 119 99 11 54 75 13 81 92 93 77 114 112 42 62 122 82 125 9 35 94 17 109 100 22 25 78 123 41 56 28 29 111 45 95 124 85 21 121 91 87 68 37 107 65 86 10 102 6 70 129 30 110 
97 81 125 29 74 66 115 55 62 30 42 107 10 69 127 119 102 89 123 93 15 24 56 95 8 70 118 103 71 116 18 14 59 80 0 36 124 105 27 6 76 96 1 54 85 16 28 78 113 51 109 114 37 112 82 101 91 52 94 106 17 63 79 108 9 92 67 11 120 40 38 87 72 46 90 23 7 104 58 128 117 34 35 86 53 25 77 44 126 75 2 98 65 22 13 64 99 57 61 3 47 20 84 100 33 5 121 32 45 50 83 49 88 19 129 4 12 68 110 26 73 21 31 111 48 122 43 60 39 41 
43 87 89 0 23 45 7 40 37 76 83 74 32 104 92 53 127 106 95 120 101 96 41 77 78 52 60 56 65 94 38 100 111 36 112 116 128 33 91 70 55 25 26 15 71 79 28 66 50 57 18 49 54 102 39 97 84 16 21 107 113 8 109 85 62 75 4 88 42 58 9 105 29 47 80 125 67 126 44 2 119 73 34 19 3 121 48 99 6 20 103 68 5 117 64 82 10 11 110 118 122 24 72 35 98 46 1 129 17 31 13 69 30 86 12 14 114 22 59 90 115 51 81 63 123 108 61 93 27 124 
59 85 39 110 23 114 54 89 107 11 0 84 81 112 71 91 61 34 117 12 118 35 88 25 16 126 68 111 100 63 101 74 72 52 47 10 21 6 90 129 98 60 109 58 103 32 53 20 14 120 5 57 62 7 9 124 41 44 36 42 67 27 29 76 99 79 77 15 55 97 121 78 56 37 4 122 86 95 24 45 70 51 64 128 3 127 82 108 125 66 113 1 49 40 104 30 65 93 73 94 48 75 26 69 50 8 123 92 33 28 38 31 96 18 2 46 80 105 116 102 115 119 17 43 83 106 87 19 22 13 
36 56 125 82 129 69 90 101 47 63 58 112 109 83 115 119 62 31 41 72 76 38 54 121 7 67 14 50 104 120 35 95 98 42 96 57 106 24 55 126 64 15 100 127 40 78 52 113 28 80 11 79 73 97 49 33 89 59 71 29 12 10 65 30 44 111 70 75 0 21 45 17 22 94 118 60 91 128 26 103 77 13 53 37 84 48 93 3 92 43 9 87 68 117 20 85 2 122 108 25 88 66 124 5 1 81 74 110 19 51 16 23 34 86 105 123 18 32 114 8 102 6 61 39 27 107 116 46 99 4 
13 65 70 95 74 19 14 116 94 54 91 73 9 108 76 126 16 31 72 30 112 5 8 1 114 117 49 106 7 6 119 71 128 107 50 11 62 63 109 12 118 20 22 79 15 25 59 55 35 4 43 98 10 28 48 102 99 18 75 41 87 51 78 66 122 105 45 113 90 92 127 125 24 88 27 101 44 68 85 39 86 84 124 103 58 56 29 17 80 60 42 64 23 37 121 89 53 52 77 57 110 40 61 34 36 129 3 93 120 47 33 0 38 111 26 69 97 83 2 46 67 96 100 81 32 123 115 82 104 21 
19 124 46 67 51 77 117 56 39 84 0 43 105 10 63 92 8 90 14 120 27 59 29 21 24 112 7 49 31 91 88 93 53 25 86 1 127 35 89 125 70 62 18 110 71 119 17 121 34 97 95 11 65 26 64 4 32 104 16 37 74 12 2 129 60 109 100 44 73 41 45 82 61 9 83 15 118 99 85 55 101 48 20 106 94 79 42 54 72 3 40 114 111 76 107 68 22 57 128 115 28 123 30 13 38 113 96 116 126 58 87 6 66 78 50 36 52 98 103 80 108 102 5 33 122 23 75 47 81 69 
27 14 110 52 5 123 44 33 70 114 31 74 10 95 1 35 0 125 36 32 67 92 127 26 120 115 60 106 13 28 118 53 89 93 3 30 79 17 57 87 38 121 91 107 124 116 82 96 129 86 94 76 109 112 50 39 69 73 6 11 66 34 83 90 45 119 100 61 78 22 59 108 65 25 68 48 24 84 55 2 4 43 46 99 47 72 88 19 63 20 111 16 122 103 54 102 40 42 49 64 58 105 80 98 9 77 21 62 71 41 104 7 8 23 126 15 56 101 128 113 85 12 117 81 51 37 18 29 97 75 
3 22 58 87 10 28 117 14 113 122 24 115 40 109 74 100 105 55 101 49 75 78 29 27 129 34 107 98 47 106 50 121 85 124 60 65 123 5 48 53 38 56 11 16 13 39 44 1 99 6 91 95 81 96 86 116 94 52 97 54 26 82 103 21 69 112 73 15 7 119 127 12 8 79 32 37 102 0 84 89 30 43 92 125 108 120 128 57 70 90 76 36 9 88 35 83 104 45 71 114 61 93 68 110 31 63 46 80 67 4 2 41 42 23 126 17 62 66 18 77 33 111 59 51 19 118 64 20 25 72 
24 16 65 113 56 82 51 86 98 71 83 27 14 53 26 124 40 97 87 79 68 117 129 69 81 11 106 60 110 35 77 64 46 20 12 95 19 115 44 8 32 118 7 66 63 28 91 58 80 29 70 119 45 114 112 125 10 49 34 21 18 17 61 100 78 121 9 54 52 59 38 108 105 73 15 90 33 62 50 75 13 25 126 88 103 47 122 93 42 41 120 22 74 107 36 94 101 85 99 0 116 43 76 96 2 72 6 57 102 89 84 37 123 39 48 127 104 30 92 1 4 5 55 31 109 23 3 128 67 111 
109 80 4 29 28 94 8 51 82 52 104 30 73 107 98 3 126 76 95 54 1 87 64 90 11 2 55 105 53 125 24 50 57 40 44 66 23 32 74 16 62 63 25 20 65 19 111 46 92 10 110 72 96 9 5 123 70 93 48 67 85 14 39 114 71 102 91 18 7 86 99 26 49 127 34 43 35 38 118 89 45 79 58 84 108 15 61 83 47 59 68 103 13 115 78 36 106 77 119 88 122 27 41 33 116 31 81 129 42 97 69 22 121 101 60 6 75 113 124 37 56 100 120 0 112 17 12 128 117 21 
29 79 111 112 100 88 121 8 43 102 123 95 125 2 74 129 117 32 24 118 108 39 53 40 17 11 107 128 115 61 49 96 45 119 127 126 33 47 63 56 109 16 83 15 124 77 10 94 41 4 114 76 31 36 81 3 65 6 66 120 72 105 103 34 13 35 87 58 73 44 20 37 99 5 48 86 97 85 59 69 28 106 68 71 21 52 80 14 30 27 7 78 92 25 89 18 91 60 19 46 12 70 110 62 101 22 104 67 98 23 64 122 84 26 50 57 90 42 0 55 113 82 54 9 75 1 93 116 51 38 
66 119 98 106 84 112 122 24 74 37 105 49 126 0 39 123 51 63 29 36 4 79 28 45 89 75 65 40 48 47 82 35 115 91 109 10 64 86 59 114 117 78 23 56 96 41 73 8 120 60 55 53 93 32 26 61 128 76 42 54 50 85 5 102 125 81 14 19 107 21 17 103 7 104 94 20 6 1 16 43 3 118 11 9 58 124 25 110 27 69 38 88 97 22 92 111 62 83 12 34 33 18 100 95 15 121 116 80 71 108 99 44 129 57 101 68 13 113 127 90 30 87 46 2 77 52 31 67 70 72 
19 85 117 79 60 57 44 10 17 91 111 103 33 74 109 73 82 26 25 66 107 67 99 112 127 35 94 110 15 0 49 1 65 45 2 8 55 98 38 101 16 78 119 24 122 90 76 108 59 104 48 70 63 46 64 9 116 71 105 75 113 39 61 121 5 36 68 40 95 84 87 81 129 22 93 92 102 34 12 124 58 97 89 27 88 31 41 128 114 83 126 18 86 11 4 100 125 106 120 13 118 62 52 50 80 14 21 77 54 29 115 72 53 6 20 51 123 69 42 32 23 56 30 37 96 43 47 7 28 3 
122 75 115 118 129 99 67 65 79 91 42 70 76 68 60 81 30 35 94 61 16 19 58 11 64 52 15 6 98 44 74 12 53 45 104 3 20 83 9 69 111 21 46 5 106 51 105 36 121 26 108 8 100 54 39 96 82 50 80 127 119 22 120 63 23 97 43 107 123 13 71 112 17 77 28 25 32 102 84 109 116 40 114 2 41 38 0 37 87 48 62 18 59 89 124 7 66 128 93 90 56 24 92 85 125 103 78 10 88 126 33 95 4 29 1 49 31 101 117 72 14 34 86 110 27 113 73 57 47 55 
36 117 69 3 78 35 8 11 59 57 5 51 23 93 100 2 88 77 27 65 86 63 71 84 106 55 62 53 104 85 95 124 38 125 37 46 81 45 29 49 33 30 101 10 110 123 64 102 126 97 91 80 74 12 121 34 87 24 128 54 7 103 98 114 43 115 113 13 19 79 32 66 111 41 109 58 99 75 28 67 25 118 16 119 4 60 1 9 90 68 83 61 18 52 127 82 70 76 15 14 105 6 22 42 72 56 122 89 116 20 73 120 44 40 17 48 94 92 107 112 21 47 50 26 0 129 96 108 39 31 
81 95 9 26 33 70 74 120 29 128 112 24 91 54 10 52 67 119 2 111 13 21 62 121 99 85 27 63 124 5 30 42 103 11 73 60 109 3 82 22 93 25 50 108 48 94 126 77 89 75 1 57 90 113 7 127 96 20 41 35 46 68 123 47 17 87 51 125 37 16 4 78 39 40 104 116 101 32 79 38 61 66 80 56 107 12 34 65 86 122 100 118 59 98 14 6 28 97 43 72 49 114 53 76 115 92 58 36 31 102 44 88 69 105 0 71 23 18 117 84 129 106 8 83 19 55 64 110 45 15 
107 126 42 65 34 109 105 106 110 91 10 22 17 67 38 81 120 129 74 52 89 2 119 104 79 115 4 18 8 27 48 45 56 29 40 53 98 7 78 3 124 76 30 14 82 66 36 41 111 83 118 15 61 43 60 55 28 125 23 46 0 72 68 92 94 37 20 93 49 32 33 127 6 11 80 97 128 95 84 47 50 13 16 123 58 69 102 39 5 25 51 101 117 121 88 116 99 73 100 70 85 35 71 21 57 75 19 62 108 54 87 114 122 24 96 26 9 113 90 64 12 112 63 59 44 86 31 103 1 77 
112 127 119 70 29 73 47 62 58 1 92 94 118 39 111 33 98 3 31 75 105 67 88 99 103 43 45 63 71 122 41 126 114 53 12 35 48 52 84 7 34 28 6 55 77 61 44 20 21 85 51 91 80 128 25 97 83 36 116 16 102 19 30 11 117 15 108 59 14 40 68 56 50 49 13 115 38 2 32 106 79 100 24 66 18 90 123 64 81 129 54 121 17 42 74 95 26 82 8 93 0 107 37 69 101 65 124 125 86 57 46 72 109 60 22 4 104 120 89 113 87 110 10 23 76 5 9 96 27 78 
20 121 66 58 38 65 36 27 89 78 13 43 95 32 105 11 80 57 100 40 19 81 64 33 123 82 18 25 128 91 35 22 16 53 83 52 76 107 63 114 97 108 42 26 122 93 41 61 109 75 46 15 4 115 2 17 56 39 87 99 55 120 94 102 112 86 85 116 67 98 10 3 14 90 126 6 0 5 119 117 129 47 21 79 68 113 125 77 118 44 60 28 73 50 30 84 29 103 111 96 69 8 70 72 12 127 124 62 9 34 54 104 24 31 74 101 88 37 110 71 59 48 23 49 92 51 45 106 7 1 
54 107 113 122 127 92 77 10 108 25 2 1 66 125 53 109 38 120 5 40 47 96 86 50 13 68 91 23 79 48 9 11 57 75 85 129 101 67 84 51 114 110 22 128 28 115 24 112 14 69 117 116 65 3 15 58 124 100 21 99 76 118 81 94 126 59 63 0 42 55 61 56 89 29 46 34 44 74 93 41 83 64 98 33 37 82 71 16 32 73 90 95 30 97 12 43 72 123 27 104 26 70 102 35 31 19 4 62 119 106 20 87 88 121 105 39 60 7 8 45 17 49 6 18 80 52 78 111 36 103 
49 91 10 27 53 85 93 127 6 89 108 107 20 61 26 110 103 68 9 126 125 105 96 45 129 0 119 90 66 14 69 11 100 30 54 44 75 115 121 40 94 71 21 64 124 72 59 62 113 51 19 15 95 70 81 41 48 29 32 34 123 35 101 36 18 12 16 52 13 78 82 84 55 5 106 33 3 65 17 7 31 1 46 104 109 86 24 92 2 102 37 77 57 25 128 116 22 79 97 98 88 43 122 60 99 80 42 117 118 39 74 38 114 83 58 87 67 50 56 47 4 76 111 8 73 120 28 63 112 23 
129 53 46 107 105 29 128 28 66 48 98 84 14 97 50 36 6 112 59 38 63 104 12 87 62 113 90 25 30 64 26 115 86 23 57 82 32 4 119 126 69 58 52 96 88 1 17 61 100 95 40 44 8 68 20 103 27 123 0 3 125 60 13 67 81 21 91 70 101 78 83 22 109 9 15 5 93 120 65 11 85 41 72 71 116 10 127 33 24 7 79 121 117 51 56 89 54 55 16 111 76 42 94 47 102 99 45 74 35 34 19 124 2 77 114 75 122 110 18 118 31 49 73 37 108 106 92 43 80 39 
39 120 119 0 124 18 57 48 113 110 19 46 125 54 93 9 44 107 101 111 69 123 109 40 31 65 38 121 106 36 56 17 24 26 84 22 67 55 72 30 53 41 42 12 127 114 60 108 32 49 70 25 98 14 33 1 62 51 52 76 95 91 13 80 90 82 77 92 21 28 85 68 47 3 89 129 4 5 128 79 122 16 87 97 45 7 23 86 63 118 126 115 100 74 64 75 27 8 96 11 15 10 116 105 20 58 43 6 37 73 50 61 59 104 78 71 81 117 2 29 112 83 66 88 34 102 35 99 103 94 
128 31 104 15 39 69 77 91 58 10 32 27 115 97 40 37 44 59 17 24 84 8 93 81 55 71 111 13 18 60 30 52 36 48 107 99 105 89 47 35 45 62 19 78 125 46 85 41 116 88 72 7 38 61 98 100 87 16 109 0 121 94 64 75 108 103 5 22 124 122 110 56 6 68 113 90 112 119 50 82 102 65 106 34 95 76 67 33 12 96 74 101 83 126 57 54 3 29 79 123 118 4 63 73 14 2 53 92 86 66 20 70 1 28 120 43 42 127 129 26 51 21 25 23 114 117 49 9 11 80 
28 122 25 69 93 62 50 91 32 2 34 45 1 33 26 58 18 103 109 23 29 88 13 75 35 30 79 56 31 54 80 72 21 40 24 20 128 95 16 84 11 120 22 107 124 83 129 85 78 97 5 61 48 82 0 42 87 41 65 100 81 98 117 9 67 12 68 114 126 47 123 37 70 96 77 44 49 14 113 92 90 46 112 7 52 63 111 121 127 8 108 110 76 19 3 116 99 6 125 115 71 73 102 39 94 55 36 86 17 53 51 66 38 119 64 106 27 15 104 4 60 118 105 10 43 59 74 89 57 101 
58 121 31 63 93 124 42 108 33 104 123 129 19 22 82 80 15 76 43 55 66 100 98 64 113 48 40 16 90 105 95 114 54 3 27 115 109 17 88 99 7 41 101 128 44 20 79 50 107 81 111 68 49 126 70 71 103 86 37 38 28 1 34 57 30 112 75 12 110 120 23 74 29 73 46 25 11 9 56 8 122 32 18 2 91 39 24 97 67 119 94 52 0 47 127 61 78 117 53 69 92 77 59 36 118 6 45 13 89 5 51 10 4 65 102 84 85 60 35 106 96 62 83 14 125 26 87 116 72 21 
109 87 32 51 55 30 96 82 78 11 28 88 127 74 38 46 37 10 27 100 67 121 13 108 58 7 50 53 45 3 104 62 111 8 57 81 92 120 4 94 102 117 21 79 56 23 126 122 29 39 43 97 129 71 54 60 119 110 63 2 105 77 20 18 33 69 72 16 99 98 84 5 25 75 89 128 14 0 26 15 73 24 66 76 106 49 68 44 114 85 123 52 1 103 115 112 90 118 83 22 35 86 95 59 42 93 116 65 6 107 9 61 31 34 124 91 113 125 17 12 19 70 64 40 41 48 101 80 47 36 
42 96 93 119 78 39 86 70 12 127 35 116 54 41 11 18 112 81 120 5 69 85 31 110 73 38 26 83 6 84 56 46 44 129 50 98 124 49 3 125 22 114 79 128 64 61 9 104 14 66 115 0 92 63 72 45 1 10 74 121 102 36 105 29 27 122 32 82 71 77 53 24 48 34 4 99 58 60 40 109 95 90 75 118 47 107 91 59 117 28 7 8 111 51 15 100 76 25 13 19 123 37 43 67 108 103 89 88 113 94 106 55 101 17 52 20 23 16 68 126 30 2 65 21 87 33 97 57 62 80 
105 80 43 95 62 87 84 111 48 3 88 38 78 35 58 30 55 14 29 106 21 16 26 125 94 115 71 73 37 83 77 32 107 19 23 57 34 24 10 12 121 20 28 108 70 129 69 9 117 104 127 124 15 49 53 68 52 51 41 92 25 0 79 81 27 46 54 66 112 42 39 85 40 13 91 109 96 122 5 128 72 63 44 67 99 90 119 116 118 2 123 114 11 18 74 126 60 56 97 82 86 45 4 89 1 47 102 33 113 103 6 98 7 120 76 50 64 31 93 22 110 59 36 65 61 17 8 75 101 100 
112 78 54 108 34 5 110 90 88 126 102 7 55 121 37 69 20 94 25 53 82 59 21 118 89 107 100 85 72 125 57 41 91 63 38 4 65 128 46 67 10 1 22 2 31 76 105 129 71 123 66 47 127 68 75 114 12 86 120 24 83 98 113 106 50 96 33 84 11 52 104 9 15 36 77 95 116 99 3 73 103 97 26 56 117 40 70 18 87 109 29 60 0 16 49 30 81 93 119 101 44 92 122 6 8 115 19 39 61 28 79 111 17 58 64 62 23 35 42 13 27 32 43 48 124 80 74 45 14 51 
114 71 24 35 108 44 19 39 33 127 68 50 105 51 59 61 84 82 113 90 65 120 1 12 64 9 16 7 92 2 23 109 118 112 77 21 43 38 8 73 86 70 22 95 98 76 57 30 6 66 36 106 62 53 25 72 67 52 46 5 89 31 99 122 42 129 4 81 93 45 17 54 103 83 55 37 47 13 75 26 100 123 88 126 125 14 79 0 128 58 110 56 97 69 32 85 48 94 29 28 102 91 107 80 104 101 40 111 3 15 115 116 49 18 119 78 117 63 11 121 74 10 34 87 124 41 20 27 60 96 
119 105 110 38 41 74 57 97 96 20 86 19 50 114 126 44 104 56 12 75 68 128 120 127 40 24 42 88 46 84 36 87 45 47 59 117 26 81 48 6 4 15 101 10 111 71 113 25 79 1 54 118 102 94 99 31 76 107 22 103 98 23 35 2 80 28 124 34 52 14 78 109 66 116 122 33 121 63 13 49 123 62 7 11 69 21 39 85 72 83 93 95 112 106 53 27 108 9 17 129 29 64 90 100 0 82 5 89 73 77 92 37 67 70 65 91 43 32 16 125 3 58 30 115 60 8 55 51 18 61 
