136 100
59 90 57 75 71 43 93 60 54 113 6 130 104 72 77 114 13 126 45 58 42 35 78 65 124 96 131 125 98 52 41 70 120 8 117 36 32 22 84 23 69 56 66 53 102 83 14 51 92 4 17 25 85 115 110 1 89 133 15 5 18 24 46 82 106 91 7 97 64 99 48 29 39 111 73 37 20 76 68 74 127 38 67 95 128 112 79 122 31 105 10 132 121 119 87 0 47 19 34 21 116 40 88 135 28 9 49 44 11 3 26 80 108 123 62 81 30 50 33 134 101 86 94 109 118 2 61 12 103 55 16 27 129 100 107 63 
71 64 119 107 7 127 24 91 67 26 76 120 118 114 88 106 22 95 97 9 19 135 34 80 16 12 28 52 46 84 133 53 61 122 99 37 75 36 25 44 8 129 5 10 113 15 18 50 4 17 14 77 103 39 89 112 47 63 42 23 43 48 108 111 27 131 65 73 59 98 134 74 104 56 86 100 130 132 126 70 82 30 45 58 55 0 2 11 117 57 13 78 3 102 51 110 125 32 93 92 21 6 38 79 40 87 83 81 85 54 62 1 101 115 31 123 105 60 66 68 96 72 94 49 128 121 124 109 35 29 41 116 69 20 90 33 
87 100 122 44 6 129 17 71 112 101 19 68 64 104 94 124 58 75 50 55 36 96 106 61 23 85 88 95 59 91 47 97 92 31 22 5 82 12 15 4 56 73 83 109 8 53 81 32 37 46 63 27 45 103 54 25 69 52 99 20 80 72 40 13 67 119 113 108 39 10 1 118 14 60 134 7 26 38 133 9 3 120 76 125 79 51 116 65 130 111 89 74 62 66 135 42 70 105 110 121 84 0 48 77 18 21 126 11 102 34 132 86 127 49 57 93 29 43 90 107 24 98 117 33 28 78 41 131 123 35 114 30 16 128 115 2 
91 43 52 130 31 104 18 114 35 60 58 44 90 134 25 53 19 116 95 7 84 113 4 87 61 26 94 50 112 11 110 127 6 17 5 97 0 111 133 55 102 125 9 98 13 73 115 57 12 77 124 45 129 118 21 135 74 32 70 20 47 105 100 16 66 68 119 121 48 34 33 126 107 85 39 109 63 93 132 76 71 38 99 56 3 81 40 75 80 51 67 41 79 23 37 82 86 15 30 46 59 10 96 69 49 103 92 28 27 22 123 101 54 108 106 24 29 42 65 1 72 14 117 8 64 36 88 120 2 89 131 122 78 83 128 62 
23 47 108 125 37 124 80 87 20 122 59 129 123 2 4 121 15 5 32 74 25 73 89 49 133 61 130 17 1 3 99 44 66 82 14 135 10 72 134 43 36 35 64 107 41 46 103 84 39 111 8 127 50 0 116 97 93 85 118 16 53 119 48 131 90 57 52 81 132 110 31 63 109 77 104 94 67 91 113 105 126 9 11 12 27 42 71 19 62 69 22 95 65 79 6 40 38 58 60 78 120 24 55 34 114 56 115 29 21 86 45 33 18 51 98 117 75 106 112 68 96 128 26 13 30 83 88 100 28 54 7 102 92 70 101 76 
116 68 1 61 111 86 108 106 69 47 9 119 104 112 117 19 88 126 103 35 84 122 100 109 48 64 78 135 30 124 29 132 62 24 31 121 80 56 51 131 79 102 115 20 85 98 3 26 91 128 4 90 5 22 89 71 41 82 114 23 39 94 127 40 14 49 81 38 6 57 36 99 10 28 95 8 110 83 17 120 16 92 97 21 65 18 46 107 53 134 2 11 42 7 63 43 123 129 50 67 45 12 55 75 54 15 25 118 96 130 60 59 33 73 70 93 34 0 76 13 52 101 27 133 32 72 77 44 105 58 66 125 113 87 74 37 
33 82 77 23 117 92 3 7 103 57 36 14 74 97 116 83 110 87 22 51 42 67 5 25 71 127 131 107 8 27 39 81 106 40 50 91 35 105 122 98 93 101 112 133 94 37 26 41 30 135 99 29 56 46 4 125 45 73 11 2 6 64 43 119 48 38 13 129 28 111 123 63 130 118 17 108 96 34 49 54 114 55 66 132 59 69 124 47 0 90 88 109 75 72 84 121 21 15 12 120 16 44 113 95 126 80 79 32 78 102 68 70 76 10 128 86 89 19 62 60 1 31 52 115 53 20 65 61 18 134 100 24 58 104 9 85 
122 103 47 33 134 42 20 43 93 133 88 27 57 96 99 54 68 39 95 94 30 52 24 56 15 126 86 108 7 71 105 121 106 109 75 53 25 107 104 100 32 111 64 58 61 78 40 130 16 48 74 81 44 83 17 114 34 113 46 11 77 12 80 85 45 50 112 123 128 101 18 97 26 9 19 72 84 22 135 8 13 110 117 115 116 125 119 66 37 36 92 4 69 35 31 65 0 6 49 14 91 89 79 3 38 55 73 28 118 129 62 29 67 41 102 21 87 127 51 124 82 90 120 23 132 63 1 5 70 76 59 60 2 98 10 131 
32 83 77 44 116 9 95 80 93 101 42 68 64 105 17 82 50 91 10 85 100 131 108 115 34 2 48 31 119 8 22 97 38 29 133 27 129 69 20 39 124 5 54 79 73 123 51 112 135 74 16 58 7 114 89 103 106 49 21 96 3 110 111 128 130 132 41 28 46 81 35 37 75 60 126 67 121 113 1 36 18 66 13 57 43 61 78 33 15 6 127 70 107 19 11 71 52 63 0 59 62 98 4 65 120 134 88 118 72 40 76 122 26 99 55 53 86 24 117 125 12 47 25 23 14 84 104 92 87 56 30 45 94 90 102 109 
35 89 71 117 18 3 57 22 38 112 44 116 20 102 128 91 40 14 59 21 17 126 77 4 15 54 105 63 124 13 33 76 61 1 2 88 94 8 95 9 52 111 98 107 70 101 67 19 83 25 12 85 96 75 90 120 53 115 110 69 0 66 10 41 24 93 86 114 11 23 49 48 82 118 68 113 129 125 60 78 84 135 64 74 99 119 42 122 87 62 127 31 56 131 36 27 130 108 92 100 6 28 29 50 46 7 73 109 37 16 47 123 134 58 79 103 80 32 81 30 121 39 43 45 132 133 26 51 55 34 106 104 97 72 65 5 
28 35 86 98 26 13 132 96 120 5 16 69 66 101 17 94 111 20 118 63 39 53 82 97 58 3 77 73 50 38 84 80 19 52 90 64 55 54 74 75 60 125 34 65 127 130 91 114 89 123 67 124 7 11 25 87 70 47 133 14 105 119 85 30 8 18 0 100 88 61 79 37 126 129 36 62 113 21 128 68 108 110 103 2 12 10 107 92 33 1 131 22 135 81 23 4 32 78 99 51 43 42 117 71 24 27 29 109 93 6 48 83 116 31 49 112 57 102 41 40 121 122 9 104 44 95 15 72 46 134 45 56 76 115 59 106 
11 135 55 92 51 127 31 81 73 64 45 83 87 35 133 109 59 95 111 123 26 114 14 125 124 22 34 60 128 110 106 32 27 20 113 132 41 62 104 21 67 38 36 66 47 42 97 88 1 84 5 4 68 12 6 86 82 71 79 89 80 70 53 65 63 46 130 75 15 129 2 117 29 58 48 112 44 134 99 122 76 77 94 93 37 120 61 40 102 126 118 78 25 52 0 8 72 19 91 85 105 7 3 24 43 103 121 57 115 16 10 56 13 69 100 74 18 9 116 50 54 30 96 28 33 49 17 39 98 119 90 131 101 107 23 108 
85 124 21 40 78 86 77 87 8 111 48 67 51 81 112 1 61 10 59 63 46 118 103 57 27 45 122 55 121 23 52 76 126 69 17 24 60 29 79 44 37 113 72 5 12 84 128 80 36 25 71 4 33 93 83 38 65 123 41 50 100 89 15 42 53 19 18 28 133 129 102 35 106 47 97 116 66 3 49 56 101 32 117 73 110 90 98 11 96 119 30 114 131 34 13 132 70 26 31 120 0 127 68 125 20 62 107 16 43 91 39 88 104 75 2 6 58 105 115 109 108 54 134 64 99 7 14 135 22 82 74 9 94 92 95 130 
129 99 84 86 33 93 104 83 30 70 3 131 24 82 105 72 53 102 31 88 65 100 106 95 77 109 15 107 116 21 89 98 44 60 57 76 55 9 54 122 114 2 46 49 8 130 132 67 17 32 135 5 112 113 90 37 125 14 119 40 75 29 79 13 59 63 94 52 18 134 26 35 111 38 43 6 120 74 81 50 69 0 80 41 127 48 27 110 45 85 66 22 56 16 124 78 28 47 108 91 68 62 19 73 96 133 71 23 4 92 58 123 39 97 126 34 101 11 1 51 103 115 61 121 12 25 128 64 118 20 117 42 87 10 36 7 
112 83 30 41 110 117 106 12 28 11 67 111 2 60 77 8 52 85 130 103 37 20 115 53 75 21 64 1 70 131 10 78 88 19 126 56 4 57 50 66 35 120 113 116 42 5 9 23 32 69 89 61 123 34 94 51 33 108 135 125 133 97 29 44 63 86 36 62 15 27 46 92 73 3 16 79 109 134 81 119 65 25 91 114 43 102 6 59 48 129 39 122 121 17 49 58 80 87 18 71 93 24 26 68 31 90 7 127 40 132 13 47 98 107 38 95 0 100 74 54 118 84 128 14 55 82 104 124 45 105 72 76 22 99 101 96 
98 73 106 4 12 129 85 15 2 16 72 49 90 56 104 37 94 132 34 51 127 79 92 102 53 11 48 83 18 110 10 114 33 31 41 6 128 88 122 44 42 61 23 71 65 32 80 116 28 95 68 70 81 59 40 5 13 117 124 131 7 113 89 45 123 14 24 17 118 60 96 1 67 119 115 82 58 64 38 78 134 36 108 75 93 100 101 120 112 27 121 66 21 87 20 109 99 91 74 63 46 130 29 47 97 0 54 52 35 43 8 126 19 84 9 133 30 69 22 3 76 107 105 125 62 39 103 77 57 55 86 111 26 135 50 25 
102 121 13 105 35 16 58 6 4 20 69 126 132 112 8 42 49 103 65 10 2 24 120 81 113 14 47 36 75 38 59 51 96 90 127 52 31 23 116 62 84 94 72 61 67 95 56 60 131 110 26 100 63 114 99 78 128 101 5 32 73 129 92 43 57 22 0 7 85 82 33 93 98 119 12 111 117 40 115 71 30 45 48 77 3 15 70 124 66 97 74 86 91 130 9 19 55 104 106 39 80 118 21 125 68 50 28 64 17 37 29 109 34 54 107 89 83 1 18 79 108 134 41 88 46 11 27 44 53 133 122 87 76 135 25 123 
31 110 111 18 104 83 42 78 74 88 7 106 58 81 114 94 46 93 61 60 95 97 62 1 0 120 103 14 44 13 21 10 48 119 73 38 102 4 69 118 22 126 115 51 108 130 28 33 82 123 43 86 26 47 85 56 24 70 17 11 107 113 57 35 63 2 75 109 55 5 122 23 8 135 65 68 91 116 84 20 117 72 71 96 49 76 37 19 12 30 50 27 89 15 59 121 80 105 6 128 129 40 41 34 124 101 100 133 36 54 3 79 29 90 52 64 132 98 67 131 39 45 77 127 53 32 66 87 25 112 9 99 125 16 134 92 
130 26 66 69 13 57 15 16 20 125 8 98 27 106 46 72 0 29 89 95 58 7 117 124 127 14 132 38 65 4 126 3 87 56 75 109 111 77 67 133 52 79 62 93 17 12 25 105 41 116 48 11 97 81 86 36 71 23 35 118 90 131 120 99 101 39 135 2 91 102 47 119 63 24 19 122 55 44 51 76 31 112 123 64 70 74 107 18 96 115 85 53 42 104 43 92 28 6 5 114 73 103 128 121 108 60 59 78 88 134 33 80 100 50 129 1 54 82 61 32 9 68 84 83 10 45 30 22 21 94 49 113 37 34 40 110 
55 33 22 67 114 25 65 46 98 13 109 84 116 49 92 134 128 105 108 53 1 117 81 130 36 8 56 48 37 72 69 110 39 100 28 127 101 9 124 74 44 99 88 115 16 82 40 61 31 90 94 78 50 131 121 80 20 96 119 41 42 18 34 38 7 123 89 0 70 11 30 132 125 19 83 104 63 32 91 120 10 126 2 26 62 23 51 29 102 12 6 4 45 79 87 3 27 97 43 135 68 58 47 60 95 106 52 85 133 76 73 35 64 5 59 54 113 66 86 103 107 111 71 122 24 118 14 129 57 17 112 15 21 93 75 77 
55 102 104 13 23 65 66 119 127 42 7 116 0 109 83 112 45 61 133 107 4 64 81 105 9 21 57 73 26 68 106 126 19 52 103 132 14 24 108 59 27 131 128 6 79 123 135 90 25 80 44 51 41 82 71 92 77 100 58 22 35 101 114 10 85 99 76 46 113 63 87 91 31 69 15 54 84 29 28 124 5 93 2 39 48 94 3 49 62 37 86 121 50 125 111 70 53 43 17 122 115 72 96 38 89 134 47 67 60 74 33 1 118 117 56 30 32 36 16 78 18 34 8 120 75 12 97 40 88 129 20 98 130 110 11 95 
93 100 65 109 12 80 115 31 2 122 98 1 7 21 64 82 33 96 4 84 28 25 90 128 92 46 63 79 49 120 103 52 108 131 20 114 41 111 95 130 16 78 134 113 54 129 62 24 75 83 117 107 132 102 40 13 125 38 86 106 43 0 8 59 133 48 58 30 26 32 110 5 121 51 71 6 39 9 89 68 55 116 70 88 126 18 53 29 57 23 76 119 101 17 3 42 104 135 99 27 19 73 74 69 34 35 124 22 127 94 105 37 45 81 112 87 97 85 72 91 118 60 56 123 14 66 15 67 47 50 61 44 36 11 77 10 
3 108 4 47 36 121 123 72 15 79 22 6 51 69 28 97 73 110 42 91 38 93 16 7 18 17 122 59 127 120 65 86 132 80 53 104 135 11 89 90 9 94 67 5 45 102 76 43 61 20 130 96 21 41 56 64 106 23 129 63 82 62 0 77 35 98 114 25 124 103 75 48 85 133 125 115 113 101 87 126 100 50 2 14 13 84 107 88 109 10 118 119 52 128 30 60 70 68 44 117 39 27 83 49 99 105 66 26 8 54 31 24 81 40 12 29 19 134 116 34 33 37 58 55 74 95 32 57 112 71 1 46 131 78 92 111 
12 34 10 14 100 71 90 114 43 106 135 87 49 97 121 72 47 80 109 126 45 104 1 48 39 112 82 13 9 59 11 18 133 93 119 58 38 41 42 111 32 129 92 15 2 50 122 24 68 55 56 31 65 94 6 25 17 123 37 23 8 101 115 67 57 20 73 60 62 78 53 99 0 113 3 5 98 85 75 117 61 91 124 21 26 74 19 7 64 79 105 77 120 4 118 40 81 95 52 63 70 131 132 88 46 125 27 110 84 33 127 96 89 103 86 116 28 16 35 29 108 36 102 134 30 128 83 66 69 51 44 22 107 54 76 130 
63 21 28 62 114 111 52 68 12 123 81 88 36 8 80 105 11 40 78 22 102 9 44 37 51 97 61 49 84 31 74 94 55 58 3 50 133 67 4 86 5 104 0 7 10 103 20 39 56 30 16 48 128 38 92 59 34 69 14 35 126 108 121 41 64 60 23 82 89 109 129 131 53 83 96 99 115 135 120 42 70 100 130 116 25 66 77 112 98 6 87 90 32 15 46 26 93 27 85 117 57 76 17 95 1 65 79 18 47 2 127 71 107 24 119 113 73 91 110 134 75 13 54 19 29 106 43 125 132 45 72 33 124 101 118 122 
97 99 15 117 31 4 25 1 33 37 10 8 67 102 131 125 79 74 65 126 55 61 106 122 107 18 52 75 40 3 76 121 85 70 81 111 23 124 41 63 134 38 95 105 87 47 116 9 104 46 93 110 5 80 49 101 36 48 19 39 32 0 11 24 73 72 115 82 94 59 135 28 34 88 56 51 133 44 83 119 123 100 66 113 6 127 84 12 92 20 118 58 114 42 62 2 16 45 132 35 77 60 91 57 86 98 78 29 30 129 103 120 13 68 112 54 7 89 108 53 109 17 43 21 90 14 130 71 64 22 96 26 50 69 128 27 
9 79 105 24 1 119 54 21 94 59 19 0 39 134 80 44 45 123 17 11 32 48 25 31 28 23 2 85 104 86 96 89 16 77 7 66 101 12 132 118 81 128 3 115 135 106 37 90 14 29 35 71 68 109 70 18 102 92 129 43 33 72 91 56 111 42 93 131 126 103 127 40 20 110 99 64 62 26 130 78 116 57 55 36 114 97 34 88 75 100 83 76 50 87 22 74 6 73 117 67 65 30 113 112 124 27 47 122 49 15 121 51 107 10 8 41 4 98 52 84 133 69 38 5 125 63 53 61 120 108 60 13 95 46 58 82 
68 32 124 35 4 45 33 108 129 105 56 6 88 21 62 18 121 2 61 77 90 117 28 81 14 107 69 3 1 98 47 72 64 24 122 92 19 46 112 25 135 125 116 26 82 66 29 37 30 57 120 65 49 84 10 115 42 22 20 59 110 34 73 99 53 113 31 16 0 70 55 126 86 83 15 130 17 51 54 7 44 118 5 85 134 127 128 60 91 103 95 38 23 27 101 89 78 102 71 76 40 50 9 100 96 119 74 133 111 79 67 114 52 123 12 75 63 132 41 97 106 104 109 87 94 13 131 48 43 80 93 11 58 8 39 36 
59 135 22 102 10 46 123 42 47 16 113 8 132 104 25 128 122 49 115 111 48 103 89 50 65 21 19 1 121 69 116 4 7 96 71 29 56 108 101 107 44 86 61 0 91 93 80 110 90 79 45 3 92 129 118 5 18 106 51 83 53 124 84 11 95 12 60 72 23 100 38 105 87 34 37 70 117 14 9 88 76 131 6 120 85 78 52 109 82 125 97 73 66 77 62 39 41 81 64 13 31 99 75 24 94 43 98 30 74 58 40 68 130 26 2 119 27 32 126 54 63 17 134 67 35 20 33 114 15 36 112 127 28 133 57 55 
119 126 32 1 114 135 22 76 4 46 86 79 23 12 115 29 15 75 93 28 52 105 10 62 70 124 116 6 25 3 2 13 82 77 59 72 30 133 66 99 34 91 33 108 14 44 106 107 89 65 84 37 127 38 103 118 97 112 56 122 88 132 18 92 98 58 120 74 113 21 96 69 64 48 40 110 7 47 130 42 55 49 90 134 129 41 53 27 19 83 39 121 11 100 73 26 5 8 31 57 117 95 36 85 9 87 68 0 94 45 16 61 101 123 128 43 102 80 60 35 67 54 50 24 109 125 81 71 20 17 111 51 78 131 104 63 
35 5 48 0 91 36 131 81 130 124 57 92 96 73 68 133 114 115 39 66 18 69 117 37 59 107 89 121 20 134 76 100 102 82 105 26 84 78 43 113 11 106 45 70 97 32 83 93 98 19 17 53 8 51 88 52 90 75 29 10 23 120 104 12 79 42 122 128 87 41 116 58 85 112 118 14 22 77 4 44 38 111 65 62 135 9 94 1 47 31 15 119 55 2 54 3 24 28 126 127 25 34 6 99 7 16 71 108 125 72 49 80 67 132 110 61 50 30 13 103 46 21 123 56 86 129 101 33 63 109 64 74 60 27 40 95 
56 92 31 109 105 4 51 90 121 124 40 117 18 99 34 118 93 113 82 8 85 84 9 16 35 54 62 110 77 69 91 107 2 32 116 11 33 7 88 125 71 17 46 75 94 6 22 135 132 119 104 41 42 12 53 57 26 89 3 97 50 38 122 52 0 129 133 5 45 130 108 47 13 114 96 30 72 61 78 70 60 28 65 19 58 102 101 67 115 21 86 79 127 76 44 37 134 123 112 20 74 23 14 80 59 27 120 128 66 63 98 10 39 43 68 49 29 87 64 126 103 83 111 100 1 81 73 106 55 15 36 131 25 95 48 24 
74 123 55 2 125 50 93 40 45 79 5 81 111 62 113 25 23 94 67 87 6 20 98 14 1 54 112 65 131 91 120 106 53 47 48 46 34 59 135 108 92 69 75 8 127 4 90 66 99 122 15 134 68 41 19 107 35 128 129 26 102 78 49 70 100 3 52 104 33 80 77 56 119 89 76 60 110 32 116 16 133 36 96 31 97 105 101 63 84 71 51 24 37 30 57 72 118 11 27 85 117 82 132 43 28 44 64 130 109 13 12 121 18 21 73 39 126 22 29 124 86 58 17 83 61 103 42 7 95 0 9 88 38 115 114 10 
5 8 59 26 87 95 112 89 66 121 47 2 104 37 52 128 72 107 77 67 92 134 20 46 17 4 62 82 36 79 93 38 114 16 124 13 24 23 32 1 42 122 100 135 94 103 133 41 101 12 74 123 119 60 19 88 76 43 118 71 35 84 132 7 14 51 21 0 63 6 81 34 102 9 3 54 25 86 44 97 105 40 85 126 27 90 120 39 99 78 70 45 65 98 111 29 61 48 10 113 64 68 75 73 30 129 15 117 31 109 49 125 96 18 69 58 50 28 116 22 110 115 80 57 53 108 91 83 55 131 56 127 11 130 106 33 
55 43 66 20 25 133 87 128 127 106 92 33 102 38 18 68 67 85 126 12 62 130 35 108 131 97 75 70 7 99 44 0 80 88 65 5 6 79 57 135 56 113 84 9 11 93 86 13 27 76 40 29 122 4 36 45 46 118 47 107 51 22 82 1 119 103 34 41 17 60 125 110 26 100 101 112 94 28 116 132 32 89 16 8 71 83 2 30 23 117 90 104 59 78 77 91 73 72 105 10 120 98 37 124 24 31 19 3 129 53 61 111 69 42 134 81 15 123 52 14 64 63 39 109 54 74 21 115 121 58 50 96 114 49 48 95 
17 106 4 67 75 91 15 6 40 118 78 58 51 19 59 65 33 132 105 45 122 7 84 49 90 44 35 124 30 107 52 42 54 63 5 129 116 117 120 79 21 94 62 127 133 82 47 131 61 12 56 126 66 26 28 123 114 80 36 97 88 29 130 72 8 113 32 73 38 135 2 48 71 102 115 10 34 125 20 109 89 3 77 39 37 68 53 70 31 1 64 57 13 92 25 27 87 100 16 108 43 11 74 98 93 103 41 112 18 76 69 0 81 121 46 104 95 55 85 101 96 99 14 24 111 9 23 119 134 60 128 86 83 110 50 22 
113 70 32 51 27 133 31 21 89 81 108 104 84 125 47 96 116 43 13 10 42 14 73 99 37 4 53 129 45 86 36 123 66 55 30 6 115 2 92 112 7 18 122 46 91 17 107 98 78 114 88 16 135 79 100 69 11 29 103 126 28 41 97 12 40 127 102 58 24 60 25 38 82 90 48 15 62 64 61 76 20 117 65 120 130 110 131 134 19 72 8 34 77 124 106 50 80 74 95 57 1 33 44 109 22 85 5 121 128 35 49 75 59 9 87 105 68 39 63 111 26 83 0 23 56 3 52 101 67 93 132 94 54 118 119 71 
61 69 131 78 59 116 90 60 8 135 114 6 94 3 64 88 49 29 65 36 92 17 124 63 68 75 16 107 23 24 31 122 47 44 74 67 2 93 119 106 41 73 105 127 28 39 91 115 57 35 13 95 77 62 89 20 81 132 4 117 129 84 30 15 109 9 0 120 43 108 118 55 32 103 126 66 51 98 82 27 25 79 133 99 85 130 101 58 54 53 37 100 10 110 121 134 86 70 96 18 76 45 125 11 50 97 46 14 87 52 22 71 19 12 42 26 33 34 56 40 111 128 72 48 21 113 7 102 80 38 83 112 123 5 104 1 
45 113 33 89 58 64 109 41 34 87 114 126 100 12 55 92 129 99 83 125 50 11 56 47 31 85 20 3 124 14 135 8 127 95 27 2 78 77 82 59 115 21 6 69 15 101 72 61 62 133 134 1 102 118 16 128 120 104 53 90 105 75 60 63 132 76 73 38 81 5 40 112 51 52 97 28 32 88 116 13 121 43 65 66 80 39 35 22 17 84 79 119 57 70 131 54 48 110 23 91 29 103 71 37 107 42 25 123 30 111 93 130 94 0 44 10 46 122 18 24 96 106 49 36 98 117 4 86 67 68 19 74 7 108 9 26 
96 40 89 6 45 135 11 91 16 28 30 10 13 31 1 60 78 27 128 48 75 117 57 124 103 102 131 71 72 107 54 112 18 116 20 87 88 90 104 83 2 12 99 44 76 41 92 130 132 56 25 42 0 69 52 68 125 81 101 121 118 115 80 85 84 94 4 37 59 32 3 111 109 49 51 108 15 95 106 63 134 35 86 74 119 38 79 97 26 33 8 133 14 126 34 17 120 22 105 67 93 58 110 62 46 77 123 29 64 122 114 36 73 19 65 47 53 7 55 61 9 66 82 98 100 23 39 50 113 24 5 70 21 127 43 129 
112 132 34 43 70 111 109 114 105 36 122 93 59 6 50 2 4 39 117 95 17 25 11 31 52 51 116 75 72 63 58 84 79 120 49 40 83 53 62 24 126 131 119 19 23 134 107 108 64 65 81 10 94 14 104 71 135 96 124 3 121 15 29 37 26 60 69 97 47 118 56 100 73 48 133 102 5 88 41 57 33 54 87 77 98 22 78 80 66 130 21 86 125 67 101 90 92 1 68 61 16 103 7 27 45 74 44 13 115 42 128 12 99 76 38 46 89 123 82 91 127 110 113 30 106 9 55 20 28 85 32 0 8 18 35 129 
15 26 0 105 112 98 79 6 10 16 72 123 119 22 57 132 90 42 66 38 97 96 135 104 78 77 52 70 35 44 47 30 84 49 50 100 120 27 12 20 65 73 4 121 69 74 53 129 91 133 23 45 80 110 13 107 21 34 116 82 111 86 9 113 46 87 7 75 83 89 2 67 128 127 43 64 122 131 5 60 17 118 134 130 24 62 126 125 76 33 101 36 28 108 85 68 94 39 11 25 115 88 8 58 3 1 92 41 56 124 93 32 14 102 51 61 99 106 59 109 63 95 29 103 19 18 40 81 114 37 48 54 31 117 71 55 
67 51 2 118 119 1 109 23 97 15 26 83 75 73 57 45 35 65 100 96 46 94 98 66 82 43 47 78 10 13 74 86 41 36 56 77 92 121 135 102 60 63 117 14 76 9 104 4 107 50 21 111 113 101 53 108 37 28 22 90 84 34 116 52 18 11 126 134 122 127 99 88 39 20 8 30 48 114 106 131 81 55 12 130 38 61 0 124 70 69 132 123 72 79 5 16 91 17 115 32 25 71 49 105 40 80 59 87 112 19 125 42 24 120 33 110 44 133 29 6 85 128 103 89 68 58 27 93 95 31 62 7 129 64 3 54 
101 109 98 53 114 77 130 110 107 94 25 33 102 17 76 20 106 35 23 92 52 63 21 37 49 81 12 90 19 13 86 40 127 32 27 115 129 120 50 67 66 55 3 116 132 82 112 31 71 56 122 62 135 2 111 59 97 51 84 126 43 95 34 87 104 4 123 45 113 36 7 128 42 70 57 29 93 41 78 30 6 15 22 85 89 46 65 100 74 133 96 105 119 10 26 14 88 69 18 91 134 38 83 47 99 24 39 131 54 60 5 72 16 44 118 8 68 80 124 75 9 73 0 125 58 103 1 117 11 61 108 64 28 79 121 48 
63 60 104 77 135 30 69 113 129 15 61 2 122 35 34 9 47 133 32 19 5 83 33 38 102 108 118 73 16 72 134 81 11 53 78 130 99 49 97 24 0 110 40 50 67 59 66 26 86 52 23 48 76 121 125 100 85 28 42 44 12 124 120 58 68 84 101 7 105 20 21 127 1 10 80 95 70 117 41 64 18 56 31 74 91 14 45 6 37 8 123 111 88 46 55 62 36 3 82 98 87 92 4 89 96 17 114 75 93 132 109 106 90 43 29 79 103 107 25 71 94 27 131 54 65 119 116 128 51 115 22 13 112 57 126 39 
102 92 46 129 121 125 44 68 135 94 30 17 52 84 69 40 12 77 63 27 16 111 91 126 1 43 120 101 49 70 81 134 66 99 109 28 108 10 104 15 37 29 24 31 47 106 96 9 117 105 107 89 93 110 23 4 73 130 57 59 88 48 20 6 133 13 25 71 64 118 85 0 113 72 34 80 22 56 90 78 33 58 132 65 124 53 75 100 21 127 14 112 67 19 11 26 83 87 32 128 35 54 36 123 115 42 76 3 98 41 61 62 103 51 79 86 95 119 18 45 131 60 55 116 2 50 97 39 114 122 38 7 82 5 8 74 
111 104 51 79 13 64 132 58 54 31 23 24 63 46 41 107 71 100 77 127 38 43 122 19 52 62 66 16 47 106 1 91 22 56 30 98 130 119 8 7 59 94 40 65 32 124 5 49 116 93 2 15 102 109 48 121 73 20 4 29 68 35 26 117 27 12 103 11 129 92 45 118 133 3 28 33 125 81 55 80 72 113 61 60 87 110 83 70 57 128 108 9 84 88 14 6 36 75 17 96 67 89 74 97 99 135 123 10 78 86 42 112 114 53 34 37 85 131 44 21 39 90 50 25 95 76 0 115 18 101 82 120 134 126 105 69 
120 12 86 44 25 59 46 27 36 37 5 105 110 20 113 62 96 41 80 115 38 107 14 54 39 19 118 57 134 125 17 23 102 104 48 81 11 70 60 88 130 131 128 116 121 93 65 91 34 87 29 109 103 1 33 129 94 42 10 28 135 22 30 58 124 78 76 56 4 73 21 83 132 108 13 16 50 133 31 71 67 75 15 97 32 112 101 35 7 127 9 47 95 89 52 45 68 72 126 55 114 8 123 99 24 92 90 74 18 111 117 2 0 82 63 51 122 49 43 26 61 85 66 119 106 84 6 100 79 40 69 77 64 53 3 98 
42 132 107 84 30 128 121 65 33 72 88 135 91 48 61 129 134 69 82 103 109 68 76 125 44 71 89 41 108 24 99 133 113 22 130 93 8 37 13 122 83 127 66 80 104 86 31 116 7 59 106 21 64 126 131 6 75 57 4 54 105 62 60 56 101 35 0 111 45 23 15 18 5 51 67 123 25 70 12 49 115 28 81 85 110 120 20 117 9 78 94 87 112 47 50 14 114 100 119 26 90 3 1 2 63 118 32 95 102 77 53 46 10 124 38 40 97 55 36 74 16 34 96 58 98 43 11 17 39 29 52 27 73 19 92 79 
73 90 37 58 85 55 111 43 122 10 50 28 14 56 35 2 60 8 68 11 61 89 31 87 105 133 128 26 98 12 24 69 100 118 94 108 54 0 127 62 113 86 135 59 57 4 9 119 82 79 40 6 115 39 96 41 97 131 88 92 63 66 27 104 72 106 120 46 99 117 67 65 134 121 124 42 22 21 126 102 95 19 45 3 123 52 36 116 38 17 78 64 101 53 49 81 130 110 23 20 5 125 7 15 114 84 29 13 107 77 16 71 75 1 91 48 44 18 93 76 103 129 83 80 47 74 25 32 70 30 112 33 132 51 109 34 
11 19 81 48 91 62 127 132 128 93 53 76 82 106 2 99 77 3 61 42 6 101 43 71 133 13 18 63 108 78 59 98 94 35 114 97 121 25 124 32 49 131 64 30 110 41 67 26 112 105 24 125 31 70 55 107 7 85 83 54 12 57 66 8 47 29 80 5 52 111 116 126 119 102 84 73 123 86 135 92 45 33 134 14 17 96 1 95 90 28 16 72 120 65 9 88 20 69 0 56 87 117 100 89 115 44 4 10 39 60 74 129 58 51 104 34 38 22 37 122 118 130 40 46 75 36 50 27 15 79 23 68 109 21 113 103 
3 116 10 135 110 0 67 130 26 2 25 34 5 115 108 36 52 134 82 104 14 132 63 30 16 91 111 85 89 61 8 43 127 4 113 124 15 126 42 6 33 121 35 73 47 81 97 27 49 129 114 102 45 78 18 117 93 24 109 54 123 88 94 106 17 72 79 12 7 56 44 20 53 95 60 59 40 9 90 96 99 68 57 11 13 131 118 119 29 70 92 105 100 87 122 50 62 28 1 69 71 75 125 58 74 38 46 128 80 133 64 66 98 76 19 39 112 48 51 22 103 77 55 83 41 86 65 84 23 120 32 21 107 37 101 31 
108 71 130 107 74 70 39 75 119 9 4 110 44 78 91 51 31 20 49 10 57 72 17 121 83 122 13 21 61 1 77 15 18 102 92 12 66 98 58 2 35 101 8 48 84 0 95 104 82 59 50 24 6 94 63 76 127 85 80 116 89 114 23 69 99 106 60 32 81 55 41 22 62 131 34 87 14 40 112 90 25 19 56 132 128 64 36 29 42 123 54 88 125 96 43 16 118 65 30 134 124 97 103 113 37 27 109 100 5 11 46 38 126 47 33 3 93 26 120 111 133 52 73 28 53 105 7 68 135 67 45 115 129 86 79 117 
130 105 131 52 29 49 38 102 125 46 15 71 114 81 22 23 37 134 3 21 45 89 94 8 39 55 20 68 4 79 118 57 0 83 109 96 51 61 86 35 10 78 2 97 128 40 72 95 18 103 73 67 99 44 76 62 82 53 111 129 58 9 107 56 85 5 110 63 25 124 98 80 12 24 121 27 75 14 6 115 19 1 13 59 91 135 104 120 65 74 30 7 117 88 11 133 60 84 16 36 106 122 127 112 113 34 101 33 54 93 42 32 28 119 43 17 47 92 116 108 90 26 48 123 87 50 77 41 126 69 64 70 66 31 100 132 
115 65 51 20 14 22 128 5 71 126 31 12 3 125 69 123 6 23 91 83 16 34 46 134 132 101 56 76 105 84 122 75 94 64 129 96 117 35 73 54 97 58 112 81 9 39 80 95 13 124 33 119 135 118 131 44 86 116 57 47 93 7 88 113 61 2 36 1 52 104 109 130 63 28 72 8 67 60 45 98 74 25 30 10 21 50 111 92 85 78 120 26 18 49 106 70 100 102 79 41 15 48 107 37 108 66 68 24 89 29 90 87 127 27 110 53 82 42 77 133 114 4 55 19 99 62 40 32 59 11 103 17 0 38 121 43 
102 17 31 58 87 85 26 116 122 56 0 2 45 90 20 75 73 79 119 23 96 74 112 52 107 35 5 82 125 78 117 132 57 106 113 3 123 36 124 126 21 16 93 98 30 44 94 129 22 14 103 114 81 118 115 135 84 50 110 100 49 43 37 133 68 131 41 54 8 134 91 62 121 130 86 80 120 48 70 29 6 51 38 4 69 1 18 55 24 83 99 88 28 27 19 104 101 66 61 7 40 25 47 46 111 92 10 59 9 42 127 15 63 105 33 11 32 53 60 97 72 95 108 65 71 76 109 13 89 64 128 12 39 34 67 77 
58 15 51 62 132 80 106 110 37 55 125 121 33 89 134 119 66 96 16 98 29 19 102 77 5 99 60 35 4 68 8 131 108 47 67 112 117 120 49 71 70 100 45 90 43 74 46 135 14 78 24 69 20 23 1 22 31 133 39 21 82 52 42 6 114 105 2 79 91 103 128 7 36 76 61 44 86 27 56 59 85 83 127 28 53 38 126 48 17 116 75 32 104 97 93 41 12 13 88 115 18 0 25 50 111 64 122 34 40 95 92 94 26 11 81 87 84 57 10 63 113 3 109 118 73 72 107 65 129 9 123 54 101 30 130 124 
45 86 18 70 91 36 127 78 106 98 123 21 23 57 130 35 99 39 40 50 79 8 9 124 126 53 109 125 110 2 85 20 87 41 120 31 75 3 90 101 25 115 1 54 59 32 129 12 111 61 121 33 73 58 46 42 52 119 134 77 10 17 112 37 7 44 72 28 107 48 13 4 11 30 100 55 89 63 24 14 118 26 34 122 67 19 135 60 80 22 97 133 6 128 102 65 29 38 96 103 49 117 27 5 16 64 0 15 66 81 132 74 105 88 114 92 76 108 56 84 113 93 131 82 51 71 83 104 43 69 47 95 94 62 116 68 
51 92 73 50 24 55 62 25 89 33 12 96 61 105 110 15 29 102 8 76 114 65 42 31 118 130 111 90 108 97 75 84 117 3 104 5 91 39 46 41 98 10 119 77 125 27 6 120 48 115 112 68 78 74 93 37 95 11 18 45 106 121 13 52 57 38 129 135 124 71 127 72 109 1 20 88 60 69 107 19 34 7 94 63 85 134 28 131 49 36 126 9 64 26 122 66 0 132 53 123 32 16 83 70 103 4 58 113 44 30 23 47 86 43 2 101 56 116 54 80 67 17 35 79 14 59 21 40 82 100 81 128 133 87 99 22 
52 39 42 123 76 15 70 72 75 94 30 119 78 80 118 22 12 71 95 25 38 90 74 82 134 61 9 129 125 55 68 28 131 59 126 47 65 84 0 35 133 56 108 26 2 110 69 106 85 99 114 10 19 98 121 54 113 1 107 127 104 14 66 32 130 7 96 135 8 18 37 102 89 87 3 34 13 36 63 86 115 128 5 21 20 49 46 27 79 64 83 29 17 81 88 33 24 103 31 91 62 97 93 67 44 51 43 112 11 45 109 116 4 23 122 105 117 132 120 100 41 53 6 16 73 58 57 40 50 60 92 111 101 48 124 77 
44 38 110 127 13 25 94 119 54 84 29 85 8 49 23 97 37 117 39 30 89 67 45 99 77 69 62 129 101 91 66 1 0 135 133 20 57 72 64 4 111 100 123 126 65 22 124 93 18 28 70 51 108 103 75 90 61 88 105 98 16 41 17 102 81 52 55 106 15 132 92 10 71 34 113 76 40 120 80 83 58 14 63 130 104 2 31 32 112 131 35 82 59 107 128 121 53 74 12 109 19 56 118 73 42 125 27 79 33 46 95 3 87 48 11 6 47 24 43 50 122 134 36 7 96 26 21 115 9 116 60 78 5 86 114 68 
124 50 47 31 64 68 60 39 15 126 74 20 0 97 92 13 78 120 111 73 36 107 52 54 116 76 88 89 25 130 59 5 103 1 114 16 87 24 30 10 4 69 118 109 29 135 33 84 96 128 102 49 32 66 21 38 11 77 81 85 40 27 94 61 122 70 131 41 127 37 132 133 129 100 2 28 35 75 79 23 105 63 19 51 45 42 113 55 86 112 58 65 119 6 43 22 117 67 80 91 95 46 7 17 82 9 8 134 53 99 34 125 48 26 3 108 90 62 56 93 83 121 115 18 44 101 12 14 57 123 106 98 72 71 104 110 
61 36 39 31 98 88 119 127 129 18 24 100 102 15 68 23 92 48 57 99 112 5 64 65 131 105 80 58 95 7 118 96 8 56 42 86 132 41 85 38 2 35 117 90 115 55 29 54 34 6 113 93 72 25 89 52 45 122 62 49 104 47 124 94 91 106 53 51 109 59 97 134 40 1 82 66 43 13 73 27 126 116 16 101 70 9 130 74 108 46 33 67 20 3 19 4 110 10 63 11 83 60 22 79 26 32 125 50 114 77 14 69 76 111 44 0 123 107 71 121 103 133 78 128 120 135 30 81 12 84 37 17 21 87 28 75 
47 19 10 44 100 59 64 106 38 77 117 33 65 110 68 92 1 114 103 84 107 39 32 99 16 20 125 23 74 102 104 40 6 76 48 96 49 79 50 45 54 5 9 66 94 26 57 67 118 31 115 11 55 105 56 81 62 90 128 89 131 122 70 41 73 112 12 2 60 27 130 7 129 36 123 98 116 97 109 0 72 78 51 61 21 13 30 113 95 8 24 29 28 127 132 93 35 83 4 135 80 42 85 126 86 14 111 124 69 34 87 37 53 71 17 43 75 120 52 15 18 82 3 119 22 121 25 88 133 46 58 63 91 134 101 108 
43 29 2 65 68 77 135 21 89 80 53 48 84 119 94 16 105 120 132 42 10 95 19 3 20 117 51 5 102 115 79 33 31 113 6 12 28 49 57 15 54 69 9 13 67 125 127 82 101 17 118 72 8 134 41 46 87 47 74 114 122 123 98 91 59 14 133 128 108 75 23 64 58 30 4 83 18 109 36 66 26 100 63 111 90 38 97 61 129 88 86 73 106 104 124 1 50 70 7 35 32 131 0 27 93 11 96 78 44 55 22 39 25 56 34 130 112 121 103 45 71 81 116 107 85 40 99 126 52 92 60 62 37 110 76 24 
0 37 74 14 61 117 86 82 50 106 103 118 124 127 10 71 112 21 26 92 128 53 69 116 67 7 49 62 5 90 36 6 98 28 35 101 104 47 24 38 56 48 95 93 87 85 113 99 97 73 120 135 134 81 16 2 79 52 94 39 19 3 51 83 102 88 1 131 54 132 31 105 129 55 133 126 121 13 109 23 76 58 110 12 20 91 46 123 4 84 70 34 33 68 65 130 78 64 45 77 96 114 8 100 119 125 63 66 41 32 30 59 40 75 89 115 29 22 15 17 43 42 25 18 9 108 44 111 107 57 11 122 27 80 60 72 
40 69 46 58 131 104 60 36 4 66 87 56 85 119 13 67 37 11 73 82 16 111 100 81 83 14 107 45 30 114 122 18 110 70 123 95 33 98 27 115 32 62 44 51 96 15 121 54 26 128 125 79 129 76 34 75 24 22 92 74 1 84 130 77 3 53 135 2 19 55 71 57 127 105 41 25 113 47 50 78 118 86 103 61 109 64 39 17 94 89 21 65 93 6 52 112 132 8 38 80 124 7 48 108 91 12 126 68 116 42 9 133 43 72 5 134 97 88 59 63 10 29 90 31 102 35 49 20 106 23 0 99 101 120 28 117 
86 59 74 3 131 78 84 53 112 73 24 128 27 35 45 10 90 32 114 85 33 39 94 16 133 52 29 68 6 70 126 2 54 67 38 51 47 43 22 34 1 123 50 110 19 69 79 95 55 71 5 106 40 100 66 116 92 60 76 63 9 122 8 111 113 57 132 11 30 93 121 117 108 21 28 81 97 42 18 107 120 17 82 119 127 80 103 0 109 77 14 99 31 75 26 41 62 61 49 64 89 46 72 4 7 101 65 88 102 48 23 96 124 83 130 104 125 20 58 129 44 56 13 134 135 25 15 105 87 118 98 91 12 36 37 115 
47 57 79 113 86 53 111 121 96 100 6 99 8 17 25 119 41 115 65 76 16 128 14 89 68 56 91 95 71 4 19 20 124 40 88 90 26 29 10 125 51 116 73 107 81 72 55 37 64 36 74 78 24 46 126 69 22 112 104 2 43 114 108 109 21 130 127 38 34 52 39 83 30 102 9 5 32 62 13 27 15 3 129 75 134 132 133 31 7 82 35 66 1 11 70 101 48 120 122 85 59 50 97 135 105 61 54 94 44 110 84 18 92 93 67 23 33 80 87 49 63 0 117 118 103 98 106 12 131 28 42 123 77 45 60 58 
31 9 46 23 16 129 62 12 14 75 27 37 84 89 42 90 67 30 58 73 117 18 118 6 25 50 97 103 105 83 39 95 81 5 33 54 15 112 59 35 24 99 1 93 87 48 68 86 109 135 64 10 41 78 74 124 80 102 49 26 133 21 0 126 104 52 70 127 121 79 96 4 40 88 100 13 66 115 111 71 72 43 82 114 125 108 53 47 130 60 20 134 113 110 94 63 107 65 85 28 7 101 77 2 8 36 11 116 56 119 32 76 22 131 92 128 120 132 98 69 55 17 106 29 57 123 38 91 3 51 45 34 122 61 44 19 
116 108 128 95 30 69 70 7 23 101 27 0 84 15 5 1 58 14 82 86 75 81 67 73 54 35 41 76 55 129 125 102 45 29 126 104 17 134 9 34 124 109 33 133 44 112 56 103 72 25 48 98 2 79 122 40 42 46 8 50 36 121 88 78 24 57 63 10 107 110 37 77 93 120 132 117 32 130 53 49 47 31 60 6 11 64 127 18 123 19 38 94 71 13 26 68 135 62 89 96 3 16 39 21 66 59 28 51 61 119 74 85 91 114 52 99 92 4 90 106 131 65 87 113 97 115 12 43 100 83 105 118 80 22 111 20 
50 38 86 19 121 39 31 3 20 33 84 0 9 64 70 89 6 58 21 47 82 100 83 77 110 75 37 92 40 125 122 44 34 45 10 73 4 41 130 107 5 59 133 111 51 56 2 27 108 103 67 131 55 36 24 101 42 28 105 23 30 109 52 80 62 112 35 81 79 85 12 29 43 94 60 16 116 98 7 65 134 14 135 114 18 26 128 96 113 119 118 76 95 97 88 61 126 46 93 117 124 57 74 8 127 22 66 104 54 99 91 72 25 123 71 68 15 115 129 13 78 132 120 69 49 17 48 87 63 106 1 11 90 53 102 32 
5 10 71 80 42 103 134 27 22 0 13 18 96 14 84 126 120 55 15 9 68 133 54 44 59 119 66 88 128 63 40 17 75 29 99 98 73 20 19 34 7 72 21 57 23 105 49 50 28 43 135 52 45 122 77 123 79 95 113 93 36 62 89 86 131 60 70 46 16 100 110 117 32 35 30 6 4 1 48 102 24 107 121 104 124 106 38 83 67 41 109 3 74 92 53 97 116 94 65 129 69 125 2 127 11 108 78 51 115 114 64 12 101 61 56 85 112 58 130 81 47 76 90 26 37 132 111 39 33 31 8 91 25 87 118 82 
30 63 58 105 60 130 52 121 135 117 23 46 8 110 38 44 73 90 72 59 16 104 25 34 114 3 88 111 84 26 28 35 93 5 70 96 37 98 20 11 86 7 27 15 77 108 62 66 79 21 106 92 18 109 53 61 103 24 13 107 51 29 54 74 129 67 76 49 127 2 119 80 78 71 45 115 91 12 100 19 83 64 41 14 81 116 65 101 6 56 33 122 10 43 85 102 17 32 133 89 112 22 39 31 50 57 94 9 42 125 69 120 68 95 123 48 113 132 134 126 4 128 124 131 55 82 75 118 99 0 40 97 47 1 36 87 
57 91 60 39 92 96 58 30 0 80 59 45 79 89 2 40 112 68 108 113 65 41 117 118 82 50 98 28 27 55 90 22 5 129 11 114 44 24 9 47 135 93 94 12 49 29 133 125 71 111 99 42 75 102 63 95 73 85 52 21 34 105 53 69 23 119 107 54 17 120 10 61 20 38 134 56 31 4 97 131 14 81 67 6 1 37 7 35 70 13 19 78 15 46 18 72 109 100 48 62 86 106 101 88 127 121 36 8 83 25 116 64 87 77 84 32 16 123 132 130 104 103 76 122 110 126 33 124 43 115 128 66 51 3 26 74 
0 98 48 126 24 42 134 58 59 49 135 118 97 103 8 114 96 3 83 56 40 110 87 106 47 17 71 1 91 9 10 116 44 11 12 124 90 99 31 115 75 120 78 94 102 93 45 119 55 26 128 50 28 20 132 70 30 61 32 88 53 76 104 43 123 65 105 13 111 77 21 113 5 63 2 29 108 35 81 64 51 79 121 41 69 82 130 16 95 23 125 92 85 89 27 37 127 25 100 6 73 14 36 129 34 117 67 54 46 68 7 4 72 66 38 107 60 62 80 131 15 84 133 22 109 101 112 122 52 86 33 18 39 74 19 57 
54 30 21 42 38 55 51 48 127 45 123 82 20 69 25 124 93 111 90 102 1 5 106 97 108 53 15 63 59 40 110 129 88 46 22 19 58 120 113 92 98 7 27 24 86 32 131 77 60 16 68 94 57 39 6 34 100 80 28 56 78 2 132 130 75 4 125 118 87 134 31 83 122 61 64 71 103 47 33 50 49 135 8 117 66 11 89 126 67 73 10 3 107 62 14 121 65 52 43 0 13 105 84 95 109 35 91 9 17 101 18 115 36 72 29 23 37 26 114 116 79 99 119 74 112 96 70 104 81 133 12 44 128 85 76 41 
93 2 75 23 12 70 76 83 19 110 95 4 11 51 96 56 33 134 7 132 89 87 15 86 108 133 61 107 27 94 3 73 22 50 81 14 111 71 69 84 67 106 5 62 105 101 135 130 1 64 98 118 127 40 46 41 113 120 13 65 74 128 6 60 52 100 48 45 47 9 38 99 72 55 26 115 79 36 114 42 39 57 126 77 59 43 68 123 104 80 129 8 10 16 116 25 117 82 30 66 24 119 88 91 18 92 97 78 125 109 17 20 58 35 21 49 32 0 124 63 122 28 121 112 85 34 53 103 131 54 90 44 31 29 102 37 
15 40 16 106 24 66 53 99 77 78 128 36 120 73 50 130 76 71 110 33 1 133 86 129 42 12 94 63 105 41 44 27 0 52 48 20 13 74 26 115 19 122 82 127 69 100 85 67 70 96 35 131 92 134 17 25 88 116 68 121 21 107 10 64 102 109 117 23 104 135 123 61 87 60 112 119 37 80 57 58 84 113 38 55 51 43 14 28 9 32 98 34 90 124 4 125 45 31 93 101 65 6 111 30 81 54 62 118 11 59 39 8 79 72 56 97 91 108 7 3 114 22 95 89 126 29 75 83 132 103 2 5 18 49 47 46 
29 75 34 42 43 7 127 26 8 4 117 24 9 104 87 31 106 22 123 91 25 59 105 77 66 57 6 51 103 10 79 61 111 110 80 76 109 99 12 82 28 102 56 133 95 23 124 16 55 93 32 19 125 118 38 115 98 54 17 63 121 107 126 71 70 73 112 129 101 108 131 67 58 52 100 94 135 96 119 27 128 88 1 21 86 83 18 84 90 14 116 74 53 47 50 20 134 40 62 85 41 36 114 81 46 60 72 45 49 92 113 48 68 11 64 97 15 65 132 44 0 37 39 78 33 3 69 122 30 130 35 13 5 89 2 120 
100 22 72 81 0 45 48 54 79 35 49 20 17 113 122 93 42 6 24 69 82 86 73 67 53 108 7 118 58 33 9 126 90 60 95 129 103 13 47 119 11 75 105 76 55 96 26 52 25 34 88 120 115 91 85 61 77 71 57 106 36 66 5 44 10 30 46 1 38 123 132 111 70 62 59 27 37 116 135 74 114 87 16 31 64 110 89 39 134 68 117 43 29 130 102 12 131 121 21 133 125 94 124 84 15 23 4 19 104 128 56 63 40 3 127 8 98 18 28 50 92 83 78 65 14 99 112 41 109 2 107 97 51 101 80 32 
77 58 33 22 134 96 104 126 121 80 20 59 103 50 94 63 116 12 1 8 64 72 67 62 60 18 75 32 127 86 44 31 65 131 47 4 69 7 73 74 54 110 30 36 111 97 132 37 78 70 19 99 29 113 79 82 92 91 39 98 3 88 40 46 61 55 35 108 117 93 38 49 122 101 24 81 105 5 34 71 76 43 120 66 115 130 90 15 112 118 119 17 45 129 52 51 133 114 26 107 14 87 95 48 16 106 124 84 125 28 9 128 0 27 68 123 23 109 57 41 6 13 53 100 89 25 42 135 2 10 83 102 11 56 85 21 
134 124 88 40 31 123 34 102 49 53 20 43 83 91 93 90 51 11 135 26 65 16 126 35 78 107 92 127 63 113 128 76 12 96 8 24 75 19 66 101 28 13 6 0 81 109 98 94 129 80 114 108 79 121 52 116 50 41 32 132 14 82 112 2 69 95 56 58 15 47 103 117 27 131 38 29 3 33 110 45 111 72 17 22 48 86 46 1 23 7 18 97 36 85 39 106 25 71 9 30 84 44 21 4 5 62 99 42 59 54 55 87 105 67 77 115 70 133 74 118 119 60 130 73 61 89 10 104 100 68 37 120 122 57 64 125 
3 75 21 18 69 54 30 45 17 66 28 101 120 85 2 91 34 48 53 98 126 65 8 105 50 133 96 114 97 68 5 60 10 4 129 94 58 88 64 7 42 52 27 63 99 49 6 67 121 43 55 71 86 113 124 40 0 47 61 32 110 135 102 72 112 89 70 106 117 1 22 13 59 78 103 12 132 134 11 127 41 125 128 104 14 109 20 46 77 39 119 107 23 16 29 57 80 62 90 118 73 25 131 93 31 19 26 123 116 76 56 84 81 122 38 108 35 130 9 36 100 83 87 79 74 111 37 15 33 82 51 24 92 95 44 115 
5 127 75 85 54 88 116 118 97 39 36 119 68 120 67 63 76 124 34 110 37 20 87 113 69 130 27 10 2 52 25 44 109 95 55 17 107 21 40 103 11 33 89 56 15 48 4 92 66 43 123 50 3 134 82 42 125 72 32 19 61 60 81 117 100 16 9 23 47 1 105 93 6 73 126 78 53 133 45 121 128 122 14 8 46 58 111 129 28 104 91 96 80 106 31 51 131 108 112 29 90 49 115 94 79 57 70 101 30 77 24 22 0 13 135 12 18 64 102 7 84 26 74 62 71 38 41 86 99 83 65 114 98 35 59 132 
90 74 69 10 86 24 23 133 104 29 132 108 72 8 18 128 82 105 43 66 131 94 65 4 50 13 22 122 96 109 26 37 25 58 116 134 124 76 1 46 0 130 88 114 35 30 44 99 12 32 103 117 56 49 93 68 40 70 3 107 60 73 71 19 129 106 20 62 102 39 79 101 67 100 64 33 78 85 115 6 2 84 14 31 45 121 120 7 9 112 47 51 11 34 135 126 123 111 118 89 15 83 119 63 81 55 113 17 41 57 80 92 127 54 36 87 91 42 27 38 53 97 95 5 125 110 52 75 48 28 21 98 16 77 59 61 
30 108 86 45 102 11 95 48 54 105 124 82 47 89 19 134 121 103 34 23 52 21 77 112 20 67 61 84 128 91 104 36 9 92 106 75 65 94 39 69 49 60 18 13 87 74 3 135 4 41 88 99 43 64 26 22 58 97 107 117 125 127 51 57 44 33 110 16 73 100 5 80 1 79 37 8 62 38 81 132 114 90 63 71 12 96 68 98 115 131 109 70 15 50 2 10 78 116 0 111 25 76 31 123 28 14 129 72 32 113 122 56 53 93 118 101 120 119 6 27 40 130 59 29 133 126 35 24 83 42 85 17 46 66 55 7 
80 94 63 51 109 39 60 31 125 59 24 33 90 86 98 0 73 95 12 50 133 45 30 83 16 18 101 115 21 26 27 56 100 53 112 124 79 77 55 65 6 43 85 117 118 11 14 17 47 102 23 108 120 7 82 71 110 67 81 61 96 13 75 49 76 54 105 99 74 40 15 106 70 135 123 111 93 10 64 129 113 114 9 41 119 69 57 128 88 35 5 97 66 132 4 107 121 89 87 34 32 46 58 104 92 37 134 116 84 42 48 72 29 126 52 20 62 28 130 103 131 122 127 22 3 25 78 19 36 1 8 38 68 2 91 44 
58 99 65 8 67 82 135 6 94 74 117 61 17 127 56 10 113 97 76 59 108 89 52 71 69 19 42 20 131 112 86 44 48 21 18 35 116 119 88 92 34 66 132 73 38 78 1 3 103 36 81 23 91 60 75 2 95 123 12 43 83 126 125 96 26 29 101 25 22 47 15 51 63 0 111 49 128 84 115 121 41 54 11 57 100 13 62 77 39 7 55 70 114 90 105 79 85 93 5 16 133 120 31 102 37 45 80 107 30 104 124 129 46 130 87 28 109 33 98 24 40 122 72 53 14 50 32 27 134 110 4 106 9 64 118 68 
48 6 3 76 74 28 8 108 4 21 81 110 112 49 100 130 94 17 19 55 111 72 124 5 90 64 22 2 118 80 89 68 65 70 57 23 119 37 87 32 60 126 58 29 15 0 33 98 101 62 99 125 36 115 38 135 105 7 53 31 63 93 134 78 16 92 14 11 77 122 97 127 27 96 114 66 54 107 52 75 40 86 121 46 71 103 44 41 10 123 67 26 69 84 88 24 113 106 39 35 104 43 116 109 129 95 34 128 12 82 42 45 51 61 85 91 20 59 1 73 83 56 132 117 25 9 13 50 79 30 18 102 120 47 133 131 
82 95 130 13 2 15 103 59 125 107 93 19 91 51 90 17 97 86 121 127 80 96 92 63 11 112 21 79 71 10 33 7 94 46 110 68 9 73 41 60 108 128 132 34 67 65 55 20 42 50 115 87 69 56 8 72 98 114 27 54 43 81 89 44 113 29 57 88 129 38 32 12 35 40 52 49 0 120 53 16 26 99 124 18 119 36 66 133 111 74 14 37 58 134 76 23 39 48 101 24 83 118 102 84 117 64 131 28 61 123 5 30 3 77 25 4 75 106 122 31 135 85 1 22 126 109 100 47 45 62 104 105 116 70 78 6 
101 129 134 97 83 121 76 45 110 95 93 119 21 49 19 117 30 74 33 26 78 14 135 105 131 92 122 71 38 11 133 27 99 20 73 13 116 80 46 18 111 37 107 108 17 112 3 104 40 53 70 69 81 130 10 62 55 96 114 5 42 22 65 4 84 124 59 85 0 35 100 56 72 75 79 36 58 16 51 68 8 118 127 7 128 86 39 29 34 113 64 102 41 25 123 66 126 54 12 23 43 31 63 52 106 2 57 47 48 24 9 94 120 87 1 67 89 115 61 77 82 91 32 98 88 125 50 103 132 15 109 44 28 60 6 90 
116 81 40 44 6 99 36 98 18 19 77 68 12 80 110 92 129 32 62 16 132 122 119 69 126 91 109 43 85 135 0 4 101 121 30 21 61 5 31 127 53 11 47 84 72 70 3 75 120 10 108 125 39 29 78 74 118 128 8 2 104 9 113 71 123 56 133 60 25 102 111 79 52 55 112 90 54 134 35 38 49 73 131 58 107 15 51 41 67 46 103 37 97 87 57 22 17 24 23 115 13 66 114 83 86 33 89 82 64 7 95 28 27 94 96 124 76 63 93 65 100 45 88 59 20 48 105 106 130 117 14 34 26 1 50 42 
61 21 103 112 88 107 15 122 25 70 63 35 96 105 54 117 125 66 118 60 18 134 19 78 0 34 110 64 101 89 85 27 106 99 68 24 111 49 83 40 36 131 81 87 52 5 92 9 69 113 28 20 120 6 126 80 86 23 132 56 100 17 48 57 55 98 50 79 94 108 41 93 116 91 84 135 26 11 12 129 119 109 1 44 133 121 59 102 7 38 16 124 97 76 53 4 73 72 51 22 114 39 45 75 90 104 62 13 33 65 29 42 77 71 95 31 2 46 37 32 67 82 74 14 127 8 3 47 43 123 115 58 10 30 128 130 
22 108 46 30 89 23 95 114 51 61 50 70 86 49 18 94 73 115 82 123 21 133 12 35 0 27 128 37 38 134 102 11 127 8 96 26 87 32 54 55 81 117 45 84 14 124 88 60 131 66 112 111 119 43 116 41 68 118 57 76 74 1 85 36 100 29 113 28 9 47 52 120 13 48 25 78 42 56 126 31 58 99 91 6 135 109 17 63 53 77 15 16 79 44 106 67 20 69 40 34 71 121 75 59 72 10 5 80 98 101 97 2 64 107 105 4 93 130 7 24 125 90 33 122 104 83 19 3 62 103 65 129 92 132 110 39 
66 71 24 109 101 108 119 56 57 89 80 52 26 53 63 22 100 36 76 124 85 103 73 97 111 78 127 123 6 59 133 107 72 75 54 17 60 8 92 30 79 120 18 34 86 58 21 64 96 14 68 77 47 16 121 32 65 10 19 23 44 94 114 13 130 3 51 113 38 7 45 131 98 50 118 84 49 91 40 4 2 0 87 70 135 5 43 20 93 110 74 35 12 129 105 41 88 112 95 62 122 117 61 102 28 104 126 42 9 31 99 132 116 69 125 55 46 48 11 15 1 67 27 128 37 83 134 90 39 33 82 115 29 81 106 25 
66 31 86 105 61 45 65 90 49 111 130 117 44 95 18 125 33 50 103 29 22 9 55 35 135 68 120 97 39 85 12 27 73 116 126 17 4 57 0 115 37 5 3 132 6 104 122 74 40 38 51 99 77 96 23 28 127 34 102 60 20 98 7 32 112 70 14 16 19 106 133 52 119 107 100 59 26 36 41 129 8 64 123 81 110 47 82 89 13 21 54 42 108 93 1 58 87 53 83 69 56 131 24 94 76 62 75 25 30 101 118 2 80 124 79 84 113 92 43 71 46 128 134 15 63 78 88 67 109 121 11 91 10 114 48 72 
35 53 91 42 86 119 106 54 105 104 99 17 31 43 13 131 125 135 19 40 45 49 120 133 33 74 69 127 93 118 47 7 44 97 73 65 28 32 122 38 112 4 23 58 82 117 14 72 6 34 50 71 79 102 67 121 87 109 64 100 76 62 25 30 27 126 12 8 9 101 94 36 80 29 63 90 39 129 3 114 107 61 113 111 116 26 56 48 16 11 24 5 2 103 15 84 59 66 51 123 78 41 128 0 20 60 115 77 124 1 130 55 96 92 89 21 110 10 18 37 134 52 98 108 46 95 57 75 132 81 68 88 83 70 22 85 
114 4 128 81 94 19 46 117 14 53 131 73 22 6 102 99 63 98 116 18 129 101 79 113 118 12 68 37 106 34 45 130 85 133 44 124 20 69 89 27 95 65 43 71 75 127 25 62 55 80 33 96 123 2 86 8 35 40 91 42 88 120 57 109 23 87 126 107 58 77 49 54 59 47 132 36 28 121 7 51 17 74 111 10 31 11 90 125 83 41 100 56 9 13 26 105 61 16 97 92 64 67 0 112 38 110 78 21 48 119 1 50 24 108 32 39 76 134 60 5 52 15 66 72 103 70 29 84 3 135 82 30 93 122 115 104 
14 11 46 61 105 72 0 10 30 118 18 23 50 32 111 98 43 49 36 73 8 134 62 116 97 112 78 51 113 52 67 131 93 120 12 76 54 115 95 15 89 37 128 119 117 80 71 38 127 58 132 24 101 121 103 94 53 96 3 102 66 9 59 74 40 35 20 42 92 4 130 7 1 16 33 13 106 129 57 108 26 56 84 135 25 124 99 107 60 100 79 83 17 69 21 90 39 31 22 104 44 125 91 34 70 114 64 86 5 29 88 81 77 123 122 48 82 27 109 75 85 6 126 41 68 63 87 133 110 28 19 45 55 2 47 65 
