144 100
6 30 97 84 81 141 62 10 70 52 100 43 36 129 105 27 53 98 9 69 32 126 89 63 92 25 8 85 127 79 68 47 61 11 14 60 15 102 116 103 106 83 39 56 91 17 5 37 117 73 112 128 18 45 72 64 137 35 96 109 24 138 0 54 22 132 29 134 48 23 108 28 50 41 93 115 3 13 107 2 12 87 74 59 19 86 130 21 16 118 26 7 20 135 80 65 142 42 113 119 139 4 143 67 125 136 46 77 31 76 40 49 94 75 78 99 38 120 82 1 122 110 57 66 104 71 55 123 131 34 124 88 44 90 33 140 95 121 101 114 111 51 58 133 
77 119 135 114 80 91 86 10 18 102 4 90 143 68 76 95 29 13 140 89 117 72 24 127 14 122 57 79 120 67 42 112 88 53 97 118 81 16 82 110 56 54 1 66 104 38 47 75 40 99 103 63 27 130 23 136 126 73 123 111 19 107 52 44 22 48 61 51 106 32 84 64 109 58 7 83 21 139 108 142 50 0 74 100 85 6 12 55 116 28 30 39 43 20 3 36 37 71 113 94 69 33 60 132 93 5 65 17 98 129 45 105 78 34 115 128 11 41 133 25 59 101 96 138 62 134 131 31 141 46 26 124 8 92 15 9 2 87 70 125 121 49 35 137 
71 104 77 113 136 58 137 15 26 20 111 23 101 37 42 75 60 86 30 133 12 39 128 79 34 72 40 121 108 114 98 119 45 130 118 38 16 22 47 52 4 48 139 56 82 141 80 0 95 51 89 3 7 96 124 68 17 90 13 66 112 11 21 123 1 41 64 31 36 107 74 35 43 33 84 18 65 5 138 100 50 126 9 135 117 142 93 102 129 140 46 92 8 109 69 99 67 70 87 57 103 25 120 27 88 32 97 81 91 19 85 134 44 62 127 125 14 59 61 29 28 116 83 49 132 63 53 10 54 105 94 73 55 24 122 115 78 131 6 76 110 143 106 2 
108 78 55 83 45 19 11 17 24 98 25 115 82 3 114 76 37 134 40 140 136 47 90 71 110 106 5 96 121 109 130 35 103 86 7 46 116 9 44 32 4 13 66 99 22 43 49 143 127 131 33 26 126 94 91 107 70 16 89 58 87 77 141 14 122 65 118 39 129 124 30 142 2 6 63 105 64 133 0 27 88 52 119 135 101 138 36 12 75 56 137 104 123 95 51 34 97 59 38 100 128 73 42 139 81 62 8 113 132 85 21 41 31 93 80 102 92 72 111 84 112 120 57 29 10 48 15 18 28 74 60 53 117 54 69 1 67 20 50 79 23 125 61 68 
62 45 111 83 63 6 82 142 38 95 21 75 1 41 4 34 66 9 106 122 64 71 73 100 126 127 20 37 72 13 137 53 56 97 48 88 35 67 78 74 25 8 133 50 86 15 76 42 68 90 10 109 58 130 0 22 81 47 103 52 113 112 102 136 77 129 24 121 114 124 116 31 55 105 84 94 19 44 49 131 101 128 70 85 120 18 27 135 11 138 14 140 51 107 117 26 36 115 32 92 59 17 16 3 108 60 57 7 5 143 91 123 79 43 30 46 99 2 65 132 61 29 40 39 98 141 28 104 23 125 93 119 87 96 118 33 69 89 54 12 134 80 139 110 
138 129 4 58 9 141 133 86 10 53 112 97 115 5 19 38 75 24 59 63 18 67 106 21 122 12 60 3 50 89 108 27 87 99 103 88 111 20 78 142 121 95 118 29 14 57 83 76 56 94 65 114 25 101 40 117 125 80 44 74 26 90 124 62 48 23 28 11 131 42 93 15 135 100 46 64 107 123 132 66 140 127 128 47 113 37 137 32 119 120 96 49 33 22 136 85 41 36 0 79 54 139 77 72 70 16 110 105 143 52 102 61 30 84 98 91 71 126 43 130 6 2 8 68 1 51 31 45 34 81 35 73 13 69 109 104 116 134 39 17 82 92 55 7 
7 93 49 89 62 56 29 20 114 55 111 3 95 117 106 108 9 113 35 96 127 50 13 16 17 74 105 30 72 101 77 128 137 78 54 0 132 94 112 34 73 85 119 2 123 86 10 134 6 58 71 37 48 38 23 36 31 28 136 41 5 90 24 57 64 22 122 135 131 139 61 87 98 51 27 91 83 8 99 92 121 110 42 67 138 47 15 4 52 53 126 65 120 33 60 66 82 81 118 76 124 12 143 116 130 46 80 100 59 11 70 40 21 19 125 18 39 26 103 133 45 97 75 140 25 68 141 102 63 142 69 88 109 1 107 44 84 115 32 79 14 129 43 104 
8 2 113 61 38 120 124 127 35 19 81 75 107 40 77 14 90 6 125 99 15 126 143 12 98 142 117 30 137 84 83 32 53 63 71 55 65 110 102 131 60 100 106 116 118 44 87 141 135 119 68 93 79 16 62 82 7 121 112 42 0 92 70 95 128 67 132 111 23 138 56 31 37 18 5 46 64 133 29 88 91 49 66 13 104 123 134 86 78 115 51 101 85 136 3 72 25 33 74 11 9 94 27 50 36 21 47 52 26 80 10 122 130 41 97 20 109 114 140 129 39 17 96 73 22 69 57 89 139 4 54 34 58 45 108 1 24 48 103 105 59 28 76 43 
48 130 67 71 30 86 9 20 139 89 32 116 58 108 140 13 8 75 143 91 70 16 73 120 61 41 56 107 5 49 100 36 51 134 38 3 80 47 19 35 25 78 34 27 26 129 85 7 54 101 96 110 62 118 124 40 65 55 22 1 69 50 114 0 97 104 135 45 131 64 52 115 14 10 90 63 106 94 11 128 2 43 141 29 109 28 111 59 46 105 119 112 44 136 57 15 68 37 93 81 126 18 99 123 84 138 132 137 87 88 103 17 66 95 76 53 12 24 98 142 127 121 133 82 39 125 31 122 72 42 117 83 6 77 4 79 23 74 60 92 113 33 21 102 
106 108 97 107 37 91 52 7 86 32 112 41 132 65 64 54 141 49 113 142 13 72 51 18 120 34 15 114 88 133 82 117 61 118 90 116 79 62 46 124 138 10 66 27 143 26 123 0 92 24 29 130 2 4 25 14 39 76 8 83 115 19 17 77 42 23 35 5 73 125 22 20 68 111 53 104 3 48 119 31 131 40 44 101 109 36 94 126 58 6 136 69 89 57 140 98 43 47 103 67 84 134 63 99 87 127 56 28 105 16 59 128 21 50 1 30 12 139 38 33 55 96 80 135 93 122 95 81 9 110 70 45 100 71 102 121 78 75 74 137 11 60 129 85 
120 95 37 81 121 100 101 96 71 50 19 91 90 131 8 40 73 79 4 112 83 124 15 65 116 62 139 49 29 97 39 34 16 11 88 93 70 53 35 67 51 17 10 22 136 68 6 76 99 5 2 102 27 20 28 41 54 82 128 32 137 46 33 104 141 23 132 24 7 38 85 21 3 92 26 77 63 98 109 122 66 78 140 84 64 125 14 59 52 0 130 89 133 31 45 36 48 13 123 58 25 135 119 108 106 12 107 74 142 55 60 114 47 69 44 1 117 72 75 87 57 111 129 134 105 43 103 118 115 42 9 126 18 138 94 61 56 30 127 80 113 143 110 86 
18 110 104 38 97 59 45 0 42 12 55 92 85 70 3 7 13 27 94 124 80 47 43 98 9 107 51 33 65 141 24 25 72 102 16 15 126 140 90 23 10 22 6 62 53 87 81 118 14 5 142 117 69 103 19 113 54 128 111 30 32 134 73 120 121 41 58 78 66 131 39 63 50 119 1 88 91 116 34 129 20 48 64 100 112 36 122 11 8 67 96 138 125 17 21 130 135 106 77 57 79 89 2 40 29 83 28 4 93 84 44 132 49 75 123 71 115 46 133 143 137 76 127 61 52 136 31 82 26 35 86 101 95 68 109 139 56 99 114 74 105 60 37 108 
105 2 116 63 77 127 113 25 118 23 9 99 115 95 119 11 74 65 19 136 45 141 125 1 138 108 17 133 90 100 92 143 7 82 51 36 5 34 103 49 140 134 3 104 42 85 132 94 13 53 128 24 28 64 68 88 41 35 43 18 70 54 69 137 12 96 101 71 38 59 29 52 50 20 139 98 14 114 97 15 26 10 91 61 44 81 123 21 67 75 102 106 47 84 4 58 78 16 73 37 135 83 111 6 8 80 126 62 33 87 129 30 22 112 117 89 48 79 31 110 55 130 131 57 76 86 46 107 109 56 66 122 27 120 72 93 40 0 124 32 39 121 142 60 
134 32 1 53 74 59 132 62 78 86 66 20 105 8 128 106 99 19 46 24 84 107 83 103 60 7 111 2 139 73 40 70 9 26 104 92 114 42 87 17 12 37 68 4 138 94 88 129 31 113 45 100 21 64 11 93 127 81 89 102 25 85 67 22 90 101 54 55 121 36 76 35 117 133 80 29 119 61 5 50 30 96 51 13 71 118 0 130 28 131 43 48 141 79 116 98 38 136 109 14 6 95 72 122 112 140 65 52 47 69 82 110 125 120 16 143 41 97 91 34 108 63 77 57 23 44 126 27 56 123 135 142 49 15 124 39 10 18 137 115 33 58 75 3 
2 142 57 91 26 35 66 64 42 78 113 117 20 116 21 119 48 43 1 15 14 13 69 105 10 120 101 137 28 47 65 84 73 67 0 61 93 98 92 108 103 88 89 33 86 83 109 96 62 39 52 18 111 51 87 125 106 46 140 107 54 139 7 41 70 49 6 114 143 27 24 104 34 102 130 30 50 59 90 112 100 82 53 136 128 25 79 124 80 129 23 85 36 75 141 97 29 135 11 60 123 74 121 115 19 16 4 99 63 3 37 38 132 77 45 22 8 138 58 122 126 133 127 12 56 55 44 95 31 40 131 68 94 72 5 76 17 9 81 134 118 110 32 71 
80 105 53 103 8 96 23 40 31 120 15 81 62 139 1 58 82 84 48 131 110 55 49 34 63 107 38 106 59 140 3 11 12 70 71 133 142 65 137 121 21 95 102 56 52 22 90 89 86 27 98 87 101 124 37 104 25 100 141 7 93 109 135 67 108 28 126 117 39 88 85 118 115 143 14 122 35 50 47 2 113 20 72 138 57 33 32 94 61 17 92 114 136 134 45 91 10 78 18 29 99 5 64 30 128 69 116 77 132 123 26 130 119 43 112 16 13 42 36 97 51 127 66 68 79 74 24 4 83 75 19 54 125 9 60 46 44 0 73 41 6 76 111 129 
74 106 12 114 118 89 27 105 49 1 137 40 2 76 46 125 9 93 141 35 140 32 21 8 14 26 54 120 116 117 15 131 103 56 18 134 44 48 0 52 43 143 122 128 139 110 136 95 23 10 24 78 135 101 100 65 83 94 55 68 11 61 142 64 6 50 59 3 22 77 121 37 91 81 126 80 70 39 7 25 17 73 124 132 57 30 108 107 102 47 20 82 66 112 53 16 4 69 133 63 84 67 115 90 62 31 5 28 111 42 109 99 71 36 38 97 58 119 29 33 88 113 130 96 87 60 127 75 104 72 19 34 129 86 92 51 98 13 123 138 41 85 45 79 
70 27 88 110 54 45 67 108 122 38 50 85 14 128 133 25 130 18 129 63 97 126 115 100 26 42 77 123 61 91 20 136 8 71 72 137 0 79 32 84 55 92 98 21 13 75 4 89 93 3 142 106 69 65 82 87 66 116 132 48 58 6 68 56 7 124 49 86 23 103 95 11 64 30 101 81 131 121 43 17 44 138 99 102 107 41 120 19 53 47 74 119 139 78 62 141 34 76 96 29 35 135 80 143 83 127 112 94 9 51 111 52 5 28 37 113 57 36 15 104 60 12 59 73 31 40 22 134 46 1 117 118 16 2 90 109 125 33 114 39 105 10 24 140 
62 12 72 111 109 91 93 59 127 112 122 9 36 143 48 11 98 99 68 38 64 83 139 21 120 41 5 88 28 51 57 53 117 124 34 20 131 126 141 67 78 87 132 15 49 106 8 82 25 70 119 60 24 86 118 65 76 90 133 63 128 107 35 33 46 92 69 58 74 101 39 4 43 79 125 2 55 52 130 108 95 50 96 7 104 121 73 6 134 54 10 94 136 110 80 40 114 85 103 19 16 89 37 115 116 129 84 3 66 77 23 100 32 44 29 56 13 22 27 31 26 81 105 61 71 113 17 42 75 97 30 18 45 14 138 137 135 0 1 142 123 140 102 47 
11 5 59 25 143 108 105 32 42 68 60 113 90 64 54 33 96 52 138 23 14 80 1 57 75 93 62 76 131 124 41 122 121 99 36 39 40 16 28 61 101 4 142 134 56 140 135 72 35 49 127 129 87 26 102 44 53 55 85 137 10 132 107 136 38 111 30 13 65 9 133 50 15 20 123 86 77 141 125 37 31 130 89 94 118 51 73 12 0 79 66 81 70 109 21 63 17 112 29 58 117 97 104 120 119 110 34 114 106 48 92 115 24 7 128 100 6 18 67 98 8 43 74 116 69 46 91 126 139 84 47 3 27 45 82 2 71 83 103 19 78 95 88 22 
4 58 47 25 72 9 20 114 12 31 48 33 96 117 86 28 142 141 120 64 112 73 91 100 44 84 110 19 111 95 71 11 50 139 63 7 36 83 54 38 26 59 105 115 66 121 5 51 68 27 69 60 0 16 136 92 52 132 49 15 140 8 55 113 34 143 62 22 78 14 99 129 125 65 135 39 133 6 30 94 118 1 37 75 80 17 123 130 45 40 29 103 101 93 102 41 97 18 138 131 3 13 122 43 108 126 42 106 79 21 87 32 53 119 90 124 134 88 77 128 81 24 57 74 127 104 46 82 67 2 35 56 98 85 76 109 61 70 10 89 23 137 107 116 
81 42 51 43 60 127 56 116 80 132 103 111 15 86 119 94 46 142 27 39 139 138 13 31 32 118 22 110 131 122 74 28 47 114 35 9 14 141 19 77 101 136 109 54 67 5 126 66 72 89 129 83 29 24 63 65 17 121 112 134 26 57 71 93 12 130 38 18 117 11 6 50 88 52 61 115 124 84 33 23 48 104 98 92 41 91 133 8 0 96 125 25 70 10 73 79 105 128 59 7 78 107 40 69 49 62 3 44 20 85 87 64 30 95 45 135 16 90 36 137 53 99 76 68 143 82 123 58 4 2 97 21 55 113 1 120 102 34 75 106 37 108 140 100 
136 9 4 68 85 96 105 98 33 44 39 95 50 45 142 61 13 54 135 23 70 93 89 58 122 10 133 63 5 53 114 0 52 125 72 131 99 107 27 51 17 134 103 40 41 18 118 84 121 38 24 49 22 60 12 64 8 90 65 82 30 113 21 110 81 32 94 138 28 67 137 75 76 87 3 100 34 6 74 88 120 56 104 69 20 108 119 48 66 29 59 79 31 78 111 129 101 128 26 19 71 116 143 141 7 83 35 91 123 109 57 106 46 140 86 139 2 1 97 92 36 77 37 73 132 124 117 126 14 16 127 43 115 25 55 102 42 80 47 15 11 130 112 62 
132 69 11 67 118 0 42 31 113 43 100 2 109 53 124 104 91 17 12 140 72 76 143 52 93 137 125 39 19 33 83 35 138 103 29 114 92 40 65 37 47 16 120 89 54 134 77 4 64 127 98 3 48 70 51 74 82 102 94 20 73 5 105 112 119 115 21 111 80 23 38 8 108 128 6 129 81 41 90 96 116 13 136 88 45 106 9 79 28 121 22 97 46 7 126 10 34 61 141 122 58 135 75 55 57 36 71 78 66 30 26 62 142 27 1 84 15 68 44 50 56 25 14 123 133 24 99 63 110 86 85 131 32 87 117 95 130 101 18 59 139 60 49 107 
0 56 15 101 46 124 61 130 21 114 116 120 80 28 14 85 26 86 117 128 69 36 137 31 16 133 42 93 111 13 70 29 107 100 131 123 2 92 45 67 72 62 87 5 47 49 134 11 22 63 109 17 12 32 95 20 129 71 119 78 24 83 94 34 37 7 127 66 27 41 115 50 106 55 96 112 53 23 104 35 4 30 126 38 142 3 74 65 60 68 135 122 6 79 91 118 39 40 8 9 51 76 52 136 110 108 90 64 75 10 141 139 102 99 81 57 82 105 19 18 97 143 1 43 48 33 125 98 103 140 59 138 54 77 25 113 132 44 121 58 89 84 88 73 
97 13 122 25 35 81 138 58 110 10 16 1 45 9 128 113 134 74 24 109 125 85 103 14 54 123 84 29 140 11 33 142 92 98 124 23 87 132 67 129 100 62 108 102 93 131 40 65 3 7 51 130 32 91 15 47 19 89 107 127 27 60 2 95 96 8 12 57 78 52 36 82 139 80 141 53 135 55 22 73 119 121 31 117 75 69 6 64 43 76 70 114 34 143 77 38 120 61 112 5 21 116 41 63 136 44 46 118 79 133 37 39 126 72 105 88 30 106 59 18 90 115 99 68 86 0 17 42 48 137 50 56 111 94 71 101 20 26 83 49 66 4 28 104 
77 76 133 29 63 120 101 14 107 141 9 86 32 98 38 47 67 5 71 26 3 106 139 17 113 130 93 132 84 95 68 39 116 111 122 91 125 31 85 25 30 44 52 81 57 137 136 126 19 118 51 143 69 99 78 92 117 88 27 60 90 128 135 131 36 50 74 54 23 129 8 140 83 59 41 104 73 33 124 70 55 87 45 96 46 80 48 82 10 123 97 16 119 109 75 1 105 56 115 15 102 53 4 49 138 121 0 62 7 21 20 66 112 2 134 58 37 18 110 72 64 89 103 22 114 13 43 94 108 34 100 28 24 40 12 42 35 79 6 142 127 61 65 11 
28 42 104 94 29 43 100 32 103 98 6 110 93 23 22 67 120 31 70 14 90 136 80 99 25 3 114 84 107 137 125 130 37 142 82 55 141 97 95 78 27 2 71 111 85 58 102 9 48 10 20 62 89 33 15 54 13 8 116 51 38 60 57 86 63 127 73 7 121 5 50 112 79 59 26 131 53 138 19 24 72 18 129 109 46 47 143 12 34 132 69 128 17 1 64 16 119 134 45 36 126 49 40 122 21 115 0 91 101 4 68 77 105 74 44 139 76 11 118 92 83 41 133 65 61 96 88 52 113 124 39 66 108 117 135 123 106 56 140 87 81 35 75 30 
5 129 92 8 28 97 74 72 16 133 118 109 82 10 84 77 95 88 142 93 68 19 102 0 6 65 35 38 99 87 69 1 137 91 54 59 96 121 37 34 63 27 50 78 140 98 49 24 114 124 17 143 112 94 127 86 47 90 115 3 120 83 60 2 105 32 58 52 44 4 131 15 116 48 33 113 66 122 107 45 62 119 57 22 14 134 9 104 46 71 106 108 20 73 42 18 7 141 56 130 111 25 128 89 41 43 79 61 40 36 23 12 55 126 101 123 26 64 13 39 76 80 125 53 51 75 30 100 138 11 81 67 132 103 29 139 85 70 31 136 110 135 117 21 
124 133 29 98 50 19 38 143 41 116 135 54 142 20 6 83 82 102 24 43 57 84 10 45 96 53 68 117 114 1 67 60 111 132 74 22 65 94 12 16 3 9 120 81 62 17 75 23 48 97 91 28 51 77 61 8 129 46 99 42 127 134 27 139 131 113 44 86 64 56 7 123 103 101 85 88 34 89 92 36 35 141 18 106 72 100 108 128 31 95 79 13 104 52 136 69 26 109 126 115 107 118 66 122 138 21 15 32 119 110 33 37 140 55 70 25 121 40 0 130 63 112 73 125 47 93 90 59 87 2 71 76 105 137 4 14 80 78 5 39 30 49 11 58 
102 35 65 21 133 57 25 5 85 128 1 26 2 112 139 18 105 89 45 51 4 14 141 134 90 122 75 94 137 117 109 59 86 87 71 118 29 61 3 127 37 15 42 130 93 62 88 54 52 8 116 58 12 126 24 30 23 136 95 115 53 38 91 72 83 10 114 123 104 50 129 46 63 11 36 17 6 60 140 28 107 47 103 80 100 142 135 9 56 121 39 44 55 99 81 125 111 119 76 68 97 120 77 40 106 67 49 132 82 78 110 43 138 69 48 96 27 13 34 16 66 79 113 20 74 84 101 108 0 33 98 31 7 64 124 19 131 143 41 92 22 73 70 32 
118 81 4 128 50 109 6 105 56 11 24 1 31 48 135 86 113 9 137 18 119 42 142 96 133 51 19 40 107 17 120 140 52 30 36 65 134 104 139 101 58 78 28 35 94 131 95 112 10 21 61 20 126 68 15 23 84 72 115 93 82 25 97 66 27 70 29 14 138 124 88 111 44 53 83 63 99 122 46 85 7 98 71 32 130 108 64 110 39 43 26 77 45 125 2 12 47 55 13 69 121 3 80 103 59 62 57 49 16 8 132 74 91 60 136 89 34 5 106 76 116 90 114 73 100 33 143 41 79 141 92 37 67 129 87 0 117 102 22 127 75 38 54 123 
142 86 139 137 34 42 47 140 15 130 115 29 58 22 106 67 9 89 0 84 71 93 46 132 28 88 87 8 10 37 141 52 81 54 129 3 99 90 35 21 103 11 38 50 57 13 85 127 105 122 62 49 97 111 41 98 19 110 53 79 134 104 100 33 108 124 136 121 83 17 92 128 12 27 56 65 30 36 94 96 109 63 76 82 131 143 44 123 118 18 77 95 64 119 135 51 114 23 74 59 43 55 113 14 125 25 6 45 91 7 138 70 1 68 66 69 75 4 20 112 48 31 2 24 40 39 73 78 61 32 5 72 107 133 101 116 120 60 126 117 26 80 102 16 
91 57 11 45 122 114 34 120 129 51 125 113 49 60 21 118 7 18 111 110 33 65 56 100 85 70 0 135 6 83 109 132 137 59 117 102 84 54 97 123 48 38 138 128 27 95 82 63 43 77 139 67 88 69 17 40 119 4 9 90 76 10 3 66 31 116 103 81 46 101 20 12 55 13 126 87 2 133 92 89 8 124 71 99 44 28 58 141 131 143 98 25 15 136 79 140 121 19 104 23 37 62 106 53 74 39 36 142 1 41 72 24 112 75 108 130 52 127 78 105 29 22 30 14 32 86 96 47 61 115 5 16 73 35 26 64 50 107 68 80 42 94 93 134 
10 113 119 122 65 63 9 76 136 129 117 74 36 114 56 19 142 48 97 83 82 96 28 1 40 90 106 27 29 14 4 123 12 52 126 67 26 17 93 135 125 134 3 130 11 121 43 101 139 57 120 42 78 2 6 140 32 30 127 115 73 25 0 33 16 35 99 38 62 108 54 111 55 89 23 7 64 86 15 68 133 66 75 72 39 46 44 92 124 143 110 103 84 94 102 20 112 85 53 24 107 34 47 104 98 60 5 100 138 128 71 69 116 13 80 58 137 51 91 77 141 81 131 21 88 22 70 8 95 132 109 59 87 79 49 50 41 18 31 61 105 45 118 37 
46 38 138 84 23 93 64 111 87 98 14 29 15 47 9 86 109 44 57 53 41 75 90 113 31 51 19 107 12 76 121 103 70 80 5 130 48 108 131 125 26 100 63 83 61 89 52 69 81 141 35 137 2 127 22 55 85 36 129 72 32 49 126 28 67 27 112 122 58 39 16 102 110 96 4 3 30 92 106 1 45 95 123 118 43 105 132 20 68 134 33 10 88 104 133 114 7 97 34 124 77 74 18 42 101 115 142 17 71 6 11 13 136 54 25 91 143 117 37 65 135 50 62 66 60 78 139 24 79 0 99 120 40 94 8 116 82 56 21 59 73 119 140 128 
103 142 23 73 74 19 12 90 11 13 94 143 134 121 141 117 88 20 81 42 68 98 53 129 29 85 131 133 51 47 38 45 136 111 130 128 62 140 18 1 40 96 52 54 139 108 7 3 44 0 32 93 37 58 101 123 89 100 66 43 105 125 56 116 33 15 118 137 91 26 22 107 60 55 24 126 113 2 122 86 127 36 84 21 64 132 69 50 9 65 25 75 115 95 16 67 14 106 79 110 6 124 72 135 57 59 97 114 46 77 104 49 119 87 61 76 17 112 35 8 63 138 27 109 120 99 102 78 80 4 92 70 48 82 39 28 71 41 34 5 30 83 31 10 
90 21 134 2 133 18 43 61 88 97 114 141 47 28 25 129 27 68 140 13 71 38 78 37 30 89 22 72 1 75 95 121 109 99 69 85 29 54 104 41 53 39 84 62 20 76 83 5 87 115 26 8 130 124 4 6 66 35 16 59 101 56 77 135 117 128 100 122 106 60 17 15 42 52 107 3 120 0 139 142 123 45 12 31 63 7 9 58 110 55 92 23 74 73 98 48 70 67 51 126 112 65 24 32 108 49 143 10 11 40 36 131 14 119 116 137 91 103 127 46 79 82 81 96 105 136 50 86 33 111 113 34 57 125 94 19 138 102 44 64 118 80 93 132 
10 60 62 26 129 133 18 16 69 48 37 76 71 128 75 99 93 43 17 86 22 115 21 73 102 68 138 84 66 140 90 136 143 101 124 1 31 58 36 72 56 105 123 85 29 127 125 51 33 119 27 20 8 6 111 80 67 81 104 24 59 94 74 135 70 107 116 14 32 95 142 91 131 3 28 109 38 23 103 130 126 113 15 120 50 11 47 141 137 92 34 45 63 100 4 19 52 139 5 42 25 55 96 78 89 134 49 83 82 122 87 41 79 114 9 2 61 64 88 117 77 118 132 110 13 98 44 65 35 12 39 40 54 46 7 112 57 121 53 30 0 106 97 108 
23 142 53 83 10 6 62 103 25 66 116 2 88 63 100 124 121 75 105 55 65 133 80 77 85 9 136 138 51 35 132 114 109 122 92 134 41 29 60 123 61 44 76 33 118 120 89 13 112 81 42 84 36 137 11 87 47 97 31 38 90 37 64 56 20 104 48 74 46 21 28 40 52 125 127 12 67 140 3 126 27 73 57 86 107 54 72 24 119 110 94 8 43 101 1 115 129 49 68 7 26 95 5 113 102 70 39 135 19 96 4 15 71 59 17 117 130 78 82 111 106 45 22 143 91 32 14 50 141 79 34 131 16 108 139 18 99 0 30 58 98 93 128 69 
114 56 46 61 81 57 59 71 77 136 19 101 58 27 133 31 99 5 92 12 25 63 54 84 96 65 89 129 9 78 94 82 44 0 87 66 51 131 42 74 128 107 35 16 108 85 86 45 41 105 20 38 67 24 14 55 80 6 79 32 62 40 39 21 134 69 11 95 3 113 123 103 29 118 110 48 30 117 126 142 122 15 64 52 36 13 26 88 130 127 104 73 90 43 124 49 120 121 111 70 139 53 102 22 125 100 47 143 116 132 91 119 17 141 33 8 23 83 137 1 37 93 60 75 28 112 140 109 106 76 98 72 115 68 97 34 10 50 2 18 138 135 4 7 
130 99 28 7 65 111 124 105 15 63 52 82 141 129 116 9 139 69 90 32 25 84 108 92 47 51 142 41 77 18 140 79 11 13 89 91 102 143 72 26 12 101 115 6 39 2 133 62 58 55 127 85 16 61 68 0 109 112 88 42 43 53 48 17 128 10 136 95 31 80 38 46 137 125 107 14 74 3 21 56 113 67 122 20 33 100 135 66 132 64 94 70 36 57 87 19 40 35 60 86 78 5 81 27 126 22 8 1 104 23 29 106 73 117 114 71 121 138 83 59 76 75 30 93 134 44 118 24 119 50 96 45 54 98 131 37 97 110 4 34 49 103 120 123 
88 16 118 29 137 74 23 14 0 37 97 133 54 59 123 129 80 81 120 75 122 113 60 141 10 56 86 79 130 77 5 58 33 138 26 49 126 65 38 127 22 125 101 95 94 91 121 115 72 111 20 63 9 114 19 105 66 119 96 47 35 83 78 7 112 50 53 106 44 48 68 21 46 132 100 30 27 11 92 1 43 36 17 2 42 90 139 116 134 128 110 99 73 69 103 108 12 82 52 39 67 140 70 24 102 85 51 45 62 4 61 34 142 40 89 143 124 98 25 55 84 13 41 32 28 3 135 18 76 57 104 93 71 117 64 136 109 15 107 8 131 87 31 6 
14 2 3 83 44 38 141 63 61 60 82 16 31 130 80 50 143 125 30 4 57 128 18 45 23 19 43 120 135 21 103 36 77 105 10 96 142 54 37 117 46 59 9 102 94 75 122 69 26 52 32 92 138 85 108 71 6 67 109 86 5 126 111 110 35 93 20 100 95 78 129 65 104 55 66 40 91 131 90 123 34 12 1 97 115 107 140 118 0 48 58 124 101 28 119 70 27 133 74 51 15 139 136 84 98 134 64 39 22 56 127 112 42 114 88 81 11 106 68 29 33 24 17 53 137 8 25 76 41 99 89 116 121 13 62 73 113 132 79 87 7 72 47 49 
81 84 105 72 24 92 87 118 101 38 2 142 30 139 35 31 14 88 29 73 91 130 83 56 143 97 18 100 43 117 51 80 7 36 33 55 138 22 19 1 65 85 126 131 62 137 111 93 106 4 47 66 40 90 21 125 52 11 6 75 124 32 59 102 44 57 10 134 9 79 12 116 95 114 113 109 34 25 46 121 140 135 17 67 0 48 53 50 45 61 96 133 132 107 54 39 23 42 94 60 70 71 115 68 49 26 120 74 16 3 89 78 110 104 128 27 141 119 37 122 13 20 127 64 82 28 123 58 99 76 5 41 136 98 15 112 8 108 129 86 77 69 63 103 
67 69 1 129 124 56 26 30 139 73 140 104 53 19 142 79 2 97 83 42 20 49 80 96 60 41 130 107 47 121 94 18 78 62 0 10 27 21 35 122 109 55 87 117 66 103 23 13 7 57 31 131 44 51 106 120 114 95 71 84 136 88 9 127 74 81 37 14 4 118 99 126 115 8 116 63 64 58 61 16 85 119 100 110 91 46 93 77 128 33 132 40 72 32 138 52 28 34 59 45 48 134 101 11 133 5 102 24 111 86 143 17 108 112 25 113 76 68 50 135 137 65 15 92 54 123 12 29 70 90 3 38 75 141 43 125 22 36 82 105 39 89 98 6 
0 85 89 72 70 79 138 92 68 99 9 3 32 27 74 61 136 20 43 28 84 1 87 45 10 73 30 29 50 112 69 6 71 140 100 134 8 110 23 54 95 66 77 22 106 103 25 123 119 90 83 80 109 75 96 59 16 63 15 76 5 49 58 104 60 124 38 115 7 51 131 97 46 127 19 101 105 26 137 31 17 139 53 56 120 111 129 4 114 141 40 35 113 88 125 11 41 117 21 36 130 135 107 39 14 116 64 67 37 62 42 132 126 82 2 18 78 93 121 108 133 81 47 34 102 55 44 98 13 94 143 48 24 122 128 91 57 118 12 142 86 33 52 65 
26 56 108 105 99 135 34 24 71 49 109 16 14 37 47 5 103 77 86 101 38 35 129 82 8 85 75 62 132 15 28 48 95 122 44 130 94 29 113 131 65 25 57 42 140 97 46 84 54 112 141 133 63 90 70 45 83 67 11 50 88 121 32 128 115 142 116 9 127 118 100 81 89 92 2 124 10 137 117 12 59 80 79 64 30 69 51 72 31 27 98 96 23 110 111 125 136 17 18 78 43 39 114 60 13 123 19 36 68 87 120 74 1 134 41 138 21 4 106 93 33 55 40 104 126 20 52 73 58 102 119 53 107 76 3 6 139 22 61 91 0 66 143 7 
104 21 106 1 20 97 44 70 15 46 59 40 119 79 38 74 27 109 143 36 72 127 135 19 99 83 94 25 112 67 45 88 81 122 100 64 108 98 62 9 49 124 84 76 41 3 24 66 29 73 50 102 58 65 86 91 4 5 125 2 53 57 52 63 22 107 8 138 69 55 26 126 17 10 51 18 118 103 120 90 134 68 56 115 116 16 111 12 113 93 137 95 123 6 7 114 30 35 75 140 85 28 11 128 42 121 92 60 110 101 77 37 31 131 71 132 141 61 136 13 39 82 23 0 34 78 43 142 87 32 89 14 80 129 33 133 139 48 96 54 105 130 117 47 
111 128 138 124 36 143 89 92 63 8 47 77 84 69 137 73 112 24 95 129 99 6 113 13 37 90 83 15 87 67 103 96 114 49 140 133 31 1 115 97 46 48 40 142 16 42 134 116 56 141 123 39 82 14 38 45 10 51 17 72 12 65 132 0 53 43 29 104 119 98 126 71 79 64 23 25 68 2 9 100 44 110 61 4 121 88 76 20 130 101 54 127 35 120 102 59 50 136 11 75 22 57 122 70 91 94 85 62 109 66 26 55 131 58 32 7 3 80 52 78 21 118 108 19 135 107 30 81 86 93 117 74 28 106 139 41 125 5 105 34 27 60 18 33 
51 23 2 77 46 82 44 111 50 34 94 87 117 136 86 9 129 47 92 98 115 0 5 69 29 80 72 43 24 127 8 138 73 40 19 25 124 17 53 30 110 27 18 132 55 102 90 11 101 54 75 26 84 45 126 89 38 31 48 61 142 62 21 65 3 4 141 66 100 140 42 99 97 41 108 12 104 107 79 139 78 96 14 22 103 83 133 118 120 134 106 119 68 130 15 74 20 95 33 52 6 32 10 49 121 81 56 125 39 113 71 109 122 57 105 67 76 123 70 91 7 93 13 58 112 63 36 143 88 131 59 60 1 28 135 137 114 116 37 16 64 128 35 85 
95 73 119 72 5 134 39 87 54 108 32 53 80 6 13 14 90 127 41 50 123 124 111 104 135 133 93 89 59 57 52 76 63 83 106 24 82 29 81 42 0 56 105 21 88 116 75 139 138 136 92 12 74 55 125 100 38 118 143 37 78 34 112 110 140 113 103 62 115 68 16 71 35 65 117 28 40 11 23 91 7 48 58 137 33 27 43 69 22 61 18 44 17 98 142 97 30 122 25 45 20 60 109 70 128 79 131 3 96 26 126 86 9 36 85 51 114 101 132 99 31 47 46 15 49 141 121 4 107 8 67 19 94 2 84 130 77 120 64 102 10 129 1 66 
16 46 36 56 63 136 32 116 110 106 108 69 73 51 85 47 79 11 12 22 50 130 114 25 34 91 10 54 53 131 118 14 76 102 72 1 58 107 13 134 99 98 67 96 41 138 93 80 52 3 65 137 142 21 140 44 42 61 27 112 92 43 39 4 87 105 75 82 113 141 100 70 23 117 132 18 6 2 30 120 0 121 88 74 9 20 17 84 37 62 89 35 8 103 95 81 115 24 33 66 57 7 19 133 125 101 45 143 38 55 28 122 86 104 48 124 68 97 139 135 128 119 60 126 90 31 40 111 71 59 129 78 77 64 5 94 109 26 83 49 127 123 15 29 
49 106 138 103 32 52 110 62 10 37 129 83 23 125 30 72 77 124 87 22 140 112 115 71 35 95 78 101 53 131 108 117 0 47 116 9 2 122 85 118 45 27 130 7 54 113 66 102 98 24 4 68 59 126 20 12 67 111 64 128 3 40 80 99 142 50 41 96 93 57 33 109 61 31 55 13 74 17 79 21 139 39 56 81 92 69 26 133 135 1 51 84 25 60 29 97 46 65 5 121 114 70 143 11 123 107 48 43 88 104 136 14 19 132 141 73 6 100 58 90 42 15 137 134 44 18 94 127 91 63 8 105 16 28 36 34 75 89 119 38 120 82 86 76 
21 79 89 2 25 61 74 124 102 70 75 109 111 84 33 106 15 93 27 17 87 119 132 103 78 41 138 26 5 110 128 139 82 101 38 96 112 127 85 65 0 49 130 76 116 39 44 9 99 31 105 48 30 54 95 71 134 136 141 12 67 69 63 83 8 91 1 86 137 114 7 123 52 23 60 66 98 53 14 142 97 50 107 18 35 47 100 125 68 29 133 22 72 32 57 3 118 10 11 94 113 40 37 135 120 43 24 64 121 13 51 62 20 117 56 126 77 42 45 28 46 80 88 59 115 55 19 73 143 92 6 90 104 36 34 16 129 122 131 81 58 108 4 140 
82 66 124 26 78 76 96 143 52 51 44 87 79 84 28 3 46 40 98 32 121 99 135 6 125 21 92 109 85 8 20 128 11 118 106 71 67 23 89 56 134 113 15 80 132 31 24 59 91 39 77 140 33 0 65 93 38 1 60 70 119 90 127 107 136 37 19 50 131 115 72 137 105 73 13 16 7 88 116 14 55 138 130 4 5 97 74 114 29 61 2 95 42 111 47 129 110 94 139 117 133 68 122 120 49 43 35 62 36 123 103 83 53 10 126 142 108 102 81 12 17 48 34 141 57 25 69 41 45 64 86 27 30 9 100 18 104 54 75 63 58 112 22 101 
102 107 31 108 64 79 89 22 44 39 141 135 76 120 32 40 6 122 56 110 118 3 15 123 127 47 65 58 41 16 77 30 143 54 29 12 109 132 142 106 7 125 19 17 116 13 27 83 86 38 111 33 95 85 87 70 112 9 93 129 138 57 23 134 69 37 94 51 103 45 84 101 61 53 0 36 73 105 66 100 74 114 2 48 113 72 34 96 91 18 128 46 4 130 35 80 126 104 55 140 63 99 60 24 117 139 10 121 62 136 5 90 14 50 68 82 92 20 131 88 42 52 78 49 115 67 133 8 119 28 26 11 59 98 1 43 124 71 137 75 97 81 25 21 
20 2 130 113 95 132 1 106 135 109 131 127 18 137 96 80 52 111 126 100 84 76 46 22 26 55 92 59 75 5 88 70 99 28 19 40 85 110 78 103 54 25 141 10 32 3 44 42 142 39 133 14 86 120 81 89 68 65 97 117 43 58 138 91 21 50 17 6 121 69 38 101 125 123 16 67 139 82 35 108 93 56 57 129 24 37 49 87 122 128 140 124 73 45 115 47 41 107 62 63 23 118 119 105 64 66 33 104 9 102 51 27 8 98 94 83 0 79 31 60 71 116 11 136 7 77 12 74 72 34 13 114 90 4 112 134 61 29 53 48 30 36 15 143 
130 64 21 56 32 112 72 89 62 54 139 91 74 27 11 34 113 5 63 115 39 52 50 140 118 132 90 95 94 19 36 58 26 24 141 53 18 96 57 131 116 104 23 60 127 81 49 40 119 66 105 82 2 33 9 71 85 120 83 6 86 80 135 138 45 107 109 55 99 142 17 42 117 29 121 65 15 8 93 124 44 111 3 137 28 35 69 37 133 128 77 75 79 68 22 48 41 97 108 7 92 78 31 114 47 12 20 134 100 136 46 143 25 51 70 126 13 10 61 4 14 101 38 0 98 123 129 30 87 125 103 16 59 43 67 110 1 88 73 106 84 102 122 76 
11 52 95 92 125 119 27 53 29 122 37 9 10 74 7 72 100 41 49 65 84 116 90 73 81 59 142 103 107 108 102 46 17 43 75 40 133 120 2 85 77 128 101 45 42 124 39 16 66 123 86 137 30 63 60 38 35 4 12 98 62 69 132 67 70 64 8 139 58 36 21 96 47 48 5 79 129 23 91 112 113 143 136 94 82 71 57 93 14 127 3 121 104 34 61 54 55 110 118 111 115 50 32 114 56 126 105 134 24 51 78 83 19 0 80 15 135 88 6 97 18 1 13 138 33 131 25 130 22 140 87 76 26 109 31 106 117 20 44 99 68 141 89 28 
47 58 138 113 22 5 119 33 122 77 26 86 131 39 69 125 96 123 72 81 90 63 142 116 7 64 20 94 74 139 95 11 100 104 106 55 53 8 98 2 0 82 54 110 89 133 76 25 62 132 34 24 79 71 112 101 13 85 50 105 16 128 93 40 103 48 18 9 52 124 59 19 129 117 45 78 70 114 35 27 32 29 127 14 99 80 87 38 73 3 136 61 44 109 135 23 49 43 130 84 31 134 12 107 60 68 137 140 42 115 118 17 21 143 111 97 57 51 10 36 108 67 28 120 6 37 126 141 66 121 30 1 91 75 65 88 92 4 41 15 46 83 56 102 
0 134 67 75 12 49 97 77 65 109 90 89 59 95 135 120 45 26 61 100 121 17 54 11 60 69 143 112 52 98 37 99 14 96 66 92 117 25 104 10 122 57 35 103 34 9 58 85 129 105 30 137 136 41 70 29 87 107 78 40 113 47 21 88 20 139 114 6 38 44 102 119 142 108 140 126 16 128 2 24 74 31 82 1 27 116 46 83 50 101 72 33 133 73 62 51 23 53 79 123 84 15 18 56 81 91 8 63 39 127 125 22 118 131 132 111 106 68 42 80 124 7 28 36 76 138 93 64 13 71 130 48 19 3 4 110 115 94 141 32 43 5 55 86 
72 22 99 123 36 79 64 124 111 18 35 50 105 14 113 107 53 20 60 13 75 110 135 42 10 62 31 142 30 27 82 7 15 103 76 128 61 131 102 118 116 55 23 133 37 17 51 56 136 38 1 127 141 2 77 140 26 112 100 138 28 78 71 33 126 57 5 115 98 96 93 12 25 49 109 85 97 52 121 32 34 43 19 73 104 41 88 122 58 94 92 137 68 69 106 59 54 134 39 114 143 21 44 130 40 67 48 86 95 45 70 16 139 65 84 101 63 29 81 119 66 8 4 46 129 108 117 47 9 120 6 11 0 125 74 90 132 3 87 24 80 83 91 89 
17 51 99 61 48 66 118 53 92 64 11 97 14 41 123 71 54 75 79 78 109 39 143 89 50 115 106 80 129 10 30 111 16 52 43 110 119 63 91 60 98 8 90 47 25 5 15 67 117 136 36 85 49 69 125 83 70 46 130 95 29 74 40 88 38 87 134 6 62 23 22 45 126 0 138 103 86 135 132 73 124 104 131 12 93 19 59 141 55 113 24 32 42 56 3 76 9 140 107 108 105 28 57 120 81 65 34 94 7 102 18 13 114 31 20 82 27 44 58 35 37 101 142 68 96 100 139 122 121 72 2 133 21 127 137 84 1 116 112 128 33 4 26 77 
99 56 142 48 130 114 4 110 47 101 115 5 8 94 68 124 98 57 59 83 141 42 105 61 33 104 93 52 31 30 36 25 108 43 0 9 113 65 88 102 14 11 87 53 60 69 103 2 19 62 23 132 79 71 17 117 39 100 50 3 34 16 41 24 18 12 122 37 49 97 128 46 15 138 137 92 111 123 45 38 20 81 73 140 32 125 55 78 40 27 134 129 120 119 44 135 76 1 29 7 107 95 131 126 28 139 21 80 64 75 22 106 58 112 90 118 109 35 63 84 67 54 66 70 96 10 133 6 86 51 143 74 91 77 85 116 89 82 136 121 26 72 127 13 
102 66 124 29 122 117 88 63 12 30 42 119 77 76 134 56 36 39 87 67 116 82 123 53 32 94 121 60 52 101 45 141 91 127 58 72 35 1 118 22 108 41 135 48 62 24 9 26 64 93 57 140 0 14 79 49 10 18 84 126 47 75 43 31 128 106 44 105 90 38 97 8 107 28 11 83 37 5 142 112 104 86 96 110 120 55 50 46 25 16 6 85 61 4 113 137 115 132 100 99 80 136 138 81 3 125 23 139 17 74 133 143 92 59 68 130 78 114 34 73 33 21 27 7 103 20 131 54 111 13 71 19 2 51 40 129 89 70 98 69 15 65 109 95 
20 27 58 48 99 90 83 61 60 52 6 11 81 30 123 74 138 29 16 67 68 101 8 82 36 79 128 25 108 0 106 14 2 100 17 132 33 80 5 55 105 69 9 32 102 66 71 98 94 45 129 133 119 92 23 42 110 117 50 112 143 95 131 31 22 85 107 142 116 124 137 65 97 40 44 140 64 111 46 114 113 53 141 13 59 35 19 103 3 115 43 139 89 70 26 134 62 49 126 38 56 84 39 93 41 4 135 88 21 28 91 87 73 15 24 109 127 130 1 63 34 51 37 104 86 96 72 125 120 122 78 18 47 118 121 10 136 54 77 76 75 12 7 57 
26 27 141 37 9 81 16 44 134 19 40 140 124 65 7 47 120 13 86 77 94 138 112 93 83 101 76 62 89 88 52 23 95 80 87 116 35 115 28 102 75 22 98 72 142 100 110 10 108 125 14 123 24 105 48 109 106 58 41 21 99 135 29 126 97 67 114 111 59 71 33 56 12 1 64 137 68 36 103 74 34 133 20 45 84 0 53 46 17 39 90 2 136 78 121 85 107 8 69 49 32 132 38 3 104 130 118 60 117 96 5 73 128 143 42 6 127 91 18 119 131 54 61 82 11 43 51 63 92 79 57 25 31 70 55 15 113 139 122 129 66 30 4 50 
54 97 84 19 106 125 142 61 134 58 79 133 115 99 94 98 116 45 123 113 80 75 95 93 62 48 29 132 114 127 66 57 46 104 17 28 111 88 63 37 59 128 100 87 55 3 31 20 119 83 34 112 41 67 26 2 72 120 109 24 86 39 18 107 4 143 12 52 44 121 141 102 118 21 33 89 73 68 77 110 9 78 23 0 129 136 16 38 60 36 14 42 7 43 101 103 130 81 70 53 131 64 92 108 122 105 6 15 71 49 35 8 10 51 65 91 76 82 74 117 1 11 30 22 96 135 32 13 85 40 124 27 5 139 47 50 138 140 126 137 56 90 25 69 
105 125 70 79 106 31 118 108 64 116 134 0 53 1 88 40 89 45 124 11 91 59 7 43 82 101 139 121 72 87 94 133 48 136 65 112 119 44 142 41 20 35 39 38 75 100 23 51 61 57 16 98 85 29 25 2 86 67 115 37 55 81 49 24 103 58 52 12 128 84 130 143 95 8 120 32 18 138 15 9 13 63 104 34 140 80 69 92 129 76 5 47 68 78 109 97 56 90 30 6 73 14 27 113 46 132 83 131 99 123 42 33 77 36 60 107 137 50 22 111 122 141 26 54 114 62 96 135 4 74 10 3 93 28 110 71 17 21 127 66 102 19 117 126 
74 44 78 0 110 17 49 124 48 45 60 27 141 128 70 46 73 21 25 86 14 108 7 115 82 23 99 6 79 103 58 38 118 5 72 71 34 80 90 50 120 97 133 98 15 85 143 12 116 61 62 95 54 22 47 135 65 75 32 63 107 127 117 1 20 84 134 93 36 39 137 102 13 55 4 37 104 92 41 66 83 81 16 3 131 68 35 132 88 129 111 119 30 52 121 40 2 123 109 94 69 67 11 57 113 112 26 87 89 19 56 100 142 91 125 64 29 43 136 77 130 18 33 8 105 139 28 76 53 140 51 126 114 42 138 31 101 9 10 122 59 96 106 24 
132 2 44 77 25 102 14 94 143 59 91 75 51 64 67 53 45 103 71 84 24 115 81 110 87 39 74 7 118 58 27 52 49 26 19 76 127 90 142 31 100 9 8 122 23 136 63 11 69 92 17 83 134 5 120 121 109 107 96 43 47 21 106 114 128 61 119 131 28 82 88 1 22 105 126 113 37 123 139 78 18 0 70 73 62 101 54 50 46 55 104 138 141 30 10 79 4 15 36 42 6 124 140 16 80 130 129 68 29 57 40 108 12 116 72 13 125 137 97 56 33 41 65 35 66 98 112 99 85 32 20 34 38 89 133 135 48 3 60 111 86 95 117 93 
32 79 119 38 16 90 15 95 40 3 49 114 85 64 69 97 14 61 2 73 106 12 57 30 62 22 68 80 91 87 72 25 10 66 127 70 135 105 19 115 20 132 93 8 21 55 35 139 131 0 7 75 29 83 33 133 74 23 134 65 136 98 56 123 37 101 130 27 53 128 111 112 99 28 110 52 102 77 71 117 84 42 113 86 107 142 104 126 31 141 13 24 9 43 78 4 82 137 47 109 88 6 1 67 143 48 125 45 118 46 94 36 116 120 11 39 124 89 18 60 54 121 138 58 51 34 50 129 76 17 59 103 5 44 96 41 92 100 81 122 108 26 63 140 
30 142 70 98 2 69 56 109 58 111 37 0 84 1 28 13 94 104 6 139 103 93 60 117 128 87 36 89 57 55 78 83 113 127 17 23 39 77 42 65 24 124 79 122 48 35 46 68 133 19 125 74 141 62 50 73 22 29 14 33 97 76 20 26 112 106 44 119 64 47 95 53 80 131 110 91 67 41 134 59 132 108 38 138 40 143 72 21 49 25 11 52 126 9 34 92 71 15 114 100 120 105 99 27 121 8 12 75 66 137 4 45 118 43 54 10 5 129 88 3 101 102 115 135 7 107 82 86 90 51 140 18 96 81 32 63 85 130 136 123 61 116 31 16 
116 60 130 88 37 41 107 103 92 141 137 102 49 32 74 33 36 31 42 78 89 94 67 7 127 6 140 55 58 134 20 11 17 122 108 44 22 111 97 14 25 100 68 113 18 70 30 128 136 126 65 123 73 110 139 119 66 27 51 40 118 71 0 133 13 114 61 98 34 143 83 77 142 138 26 64 53 80 47 129 121 79 19 50 120 91 59 125 1 52 24 4 8 117 63 57 106 48 39 29 72 109 104 76 62 112 87 16 95 38 81 86 96 99 124 3 84 43 12 5 90 23 135 69 21 132 85 28 35 2 15 45 46 115 101 75 105 10 82 131 56 9 54 93 
9 5 4 133 120 7 12 105 54 53 136 106 92 111 80 131 128 44 51 30 13 102 3 89 34 2 78 46 0 35 33 22 93 99 25 65 108 10 21 100 1 42 130 113 66 31 79 28 88 98 70 73 59 127 116 75 123 56 109 55 40 71 58 14 129 95 43 85 103 18 90 16 104 97 72 36 112 52 29 86 47 11 124 107 83 142 15 26 117 91 67 77 76 139 23 132 49 118 45 84 141 143 126 119 135 101 114 68 138 140 125 96 121 134 81 69 37 63 8 32 17 62 57 94 48 64 41 50 27 82 110 61 87 60 74 39 115 20 38 137 19 6 24 122 
30 4 32 45 74 112 117 71 43 95 54 46 72 129 47 105 18 122 41 141 42 62 19 68 69 137 103 139 58 38 66 23 97 118 81 16 99 63 70 111 102 25 113 35 21 109 15 142 73 108 48 22 33 138 40 39 50 116 94 8 0 55 98 88 57 17 65 110 36 31 59 28 3 2 34 37 93 67 107 143 120 11 60 127 131 14 20 91 133 7 75 1 115 9 86 10 52 106 124 51 130 64 49 140 12 104 78 132 84 100 125 44 123 82 114 121 92 83 126 119 6 87 13 85 101 77 135 89 90 29 80 134 136 79 128 56 26 61 96 5 76 27 24 53 
47 117 1 135 123 60 52 3 72 14 82 105 43 138 103 112 26 83 4 68 33 49 127 111 48 92 109 85 87 90 22 114 142 80 96 37 139 50 19 30 44 74 25 62 71 86 46 35 107 24 69 131 45 102 9 58 81 40 134 136 128 42 77 118 93 27 115 122 59 121 89 16 31 36 8 2 84 61 12 6 125 11 20 141 133 100 75 73 76 17 38 66 129 124 126 56 18 116 94 53 104 13 98 64 110 97 78 99 132 108 91 10 143 29 39 119 65 113 79 57 95 32 7 23 28 67 106 5 0 41 120 140 51 70 34 137 21 15 63 130 55 88 54 101 
52 67 59 138 135 70 63 107 8 55 27 49 78 10 13 64 82 12 28 25 86 108 92 98 104 66 80 95 54 18 131 71 83 33 134 76 117 112 88 45 101 61 140 114 139 96 56 37 125 15 77 39 91 89 38 29 143 74 6 113 72 116 121 99 65 51 44 57 81 62 87 142 58 22 19 1 47 73 9 103 2 21 118 34 24 109 75 130 11 3 128 35 14 41 23 42 17 136 106 79 129 46 20 43 127 124 26 36 90 94 30 40 31 0 123 53 97 137 4 105 132 120 93 48 69 110 126 16 5 7 100 60 50 84 102 119 115 141 111 122 85 133 68 32 
115 137 112 25 53 3 143 0 139 97 80 134 8 11 13 40 7 111 95 140 75 45 88 70 136 46 104 83 35 10 71 92 33 38 74 108 138 67 103 87 133 90 130 94 141 105 63 52 81 72 132 2 93 120 124 59 42 9 57 58 14 118 85 128 61 96 60 78 18 65 51 50 23 15 125 36 62 66 16 121 12 44 91 37 100 1 117 55 41 20 54 5 76 101 86 106 28 27 129 39 114 77 34 119 49 22 84 17 32 21 127 56 64 48 131 29 19 102 31 26 126 6 69 116 24 113 68 107 98 109 82 89 30 123 110 47 122 43 142 4 73 79 135 99 
61 35 14 52 139 85 69 7 101 97 4 93 23 33 18 141 60 13 118 110 2 17 39 136 28 15 131 16 9 108 89 96 45 130 41 111 88 51 8 95 62 121 132 57 6 91 86 125 137 21 102 117 32 54 74 105 140 68 65 78 3 142 122 66 47 42 138 107 99 48 59 55 34 114 82 119 22 143 71 46 70 81 126 30 98 77 36 5 115 38 44 103 43 123 40 104 106 67 94 83 26 29 20 31 84 75 56 135 37 1 27 134 92 109 73 116 133 25 58 127 0 129 10 87 11 24 63 124 72 53 76 80 49 19 50 64 79 113 90 12 120 112 128 100 
50 103 51 17 143 138 42 137 2 15 61 26 57 75 63 141 21 127 59 87 13 56 36 55 120 85 79 69 0 80 8 58 48 114 74 99 123 38 46 14 119 66 71 41 39 67 43 133 27 91 140 98 92 62 6 111 64 78 33 130 88 116 142 93 118 97 44 28 81 54 89 45 32 19 108 72 136 10 122 101 109 77 25 3 90 83 76 20 47 31 70 52 18 65 30 40 104 60 135 1 7 125 9 84 82 95 73 29 134 107 129 94 126 128 139 115 96 112 86 132 23 131 12 11 24 110 16 22 37 121 124 105 49 4 5 117 100 34 68 53 102 35 113 106 
71 80 29 98 56 14 120 15 45 124 74 17 126 131 103 110 4 90 78 37 47 133 20 42 70 28 34 77 25 138 109 66 114 11 79 51 16 36 100 33 44 96 102 1 43 13 135 104 117 32 21 31 18 30 108 67 46 38 65 136 19 119 53 111 7 134 52 64 75 27 142 84 3 97 22 63 89 139 143 85 129 112 54 118 48 105 76 55 50 115 140 132 113 130 86 73 82 69 95 99 107 116 125 26 128 41 5 92 23 137 87 24 81 59 93 101 88 49 91 8 141 12 62 9 0 106 127 61 40 39 58 35 60 121 68 123 10 94 122 72 6 57 2 83 
6 62 103 0 19 7 139 29 120 84 23 9 131 98 57 16 83 126 118 5 123 61 47 104 78 68 66 138 52 67 24 33 107 109 56 91 55 72 141 111 18 79 4 122 99 132 60 71 65 38 140 41 105 76 129 121 125 96 42 112 143 14 142 59 28 13 110 86 74 116 87 77 63 17 54 1 100 81 117 2 34 64 90 44 93 15 70 94 3 134 21 102 127 124 36 30 89 133 85 39 114 40 115 31 32 8 137 88 11 113 12 92 53 128 69 10 25 51 20 37 136 45 22 50 49 97 130 135 95 46 106 26 35 43 119 80 101 82 27 75 108 48 58 73 
88 65 39 16 72 23 111 85 8 93 33 83 46 77 70 82 84 63 35 131 76 62 45 99 75 60 58 134 102 119 15 4 137 128 11 104 3 86 106 142 95 118 24 91 125 9 14 143 100 80 140 44 10 94 27 139 5 121 66 6 90 13 36 68 78 108 17 31 21 71 34 117 40 114 32 110 138 124 57 50 37 22 55 136 87 122 89 56 123 101 52 51 43 69 47 133 115 112 135 67 48 64 25 81 79 18 127 141 107 49 59 41 109 26 132 92 61 1 113 20 96 2 19 130 126 12 38 53 28 98 74 54 120 103 0 129 73 7 29 105 116 42 30 97 
13 69 20 68 23 126 35 117 29 85 44 137 18 32 129 96 67 127 120 46 119 104 40 86 143 134 94 36 99 43 0 63 106 61 128 49 95 130 87 89 47 4 54 8 93 71 97 10 124 38 17 114 39 25 30 113 82 75 37 100 7 84 52 110 50 135 118 90 78 9 33 121 16 73 77 103 98 15 26 122 24 31 58 115 131 62 91 81 41 51 22 88 83 6 5 138 21 101 111 74 48 72 64 11 1 42 14 132 60 70 2 19 109 139 56 45 140 133 116 65 142 57 28 92 125 55 102 53 76 59 141 27 136 12 34 123 108 80 3 112 107 66 79 105 
88 116 23 139 13 86 71 95 27 108 20 7 44 90 91 36 105 46 48 133 17 76 80 26 143 130 92 30 68 15 121 100 6 72 65 94 31 16 66 3 74 124 77 75 87 49 34 102 122 47 115 140 67 54 128 35 93 58 132 120 85 107 98 113 134 60 73 119 129 57 41 131 40 112 70 14 96 52 84 89 135 29 55 78 51 2 61 101 24 50 82 118 104 141 117 123 114 63 138 64 127 62 33 99 11 56 136 103 42 45 137 18 109 97 10 12 38 59 110 37 125 43 28 22 142 106 4 81 9 19 5 8 111 53 83 69 32 126 79 25 1 0 39 21 
24 62 77 14 51 25 65 60 90 126 7 130 54 61 52 8 134 92 56 106 128 43 68 50 67 142 119 74 98 49 27 2 141 116 71 31 121 109 3 34 131 15 84 33 18 136 137 81 107 118 139 44 48 59 132 95 125 36 80 88 64 1 94 123 32 16 82 69 138 104 55 30 143 87 6 86 37 63 66 35 115 9 26 19 46 13 117 110 76 140 22 5 40 99 23 129 11 57 97 78 20 85 41 102 100 111 96 112 10 114 93 70 113 127 108 135 28 105 17 29 73 21 12 72 120 0 91 53 79 4 39 103 38 122 45 75 58 47 83 124 101 89 42 133 
112 138 1 12 39 119 117 140 2 132 96 48 115 18 41 93 60 133 64 55 7 54 126 136 27 100 31 32 56 45 135 125 62 22 6 20 3 29 111 19 131 124 71 59 101 77 109 5 94 80 73 51 25 47 88 98 84 70 46 66 85 68 86 72 95 130 43 61 137 10 99 9 105 116 113 78 97 37 14 75 108 141 44 24 122 16 139 15 92 106 17 104 91 127 33 50 74 82 65 79 114 53 107 67 11 23 36 30 118 57 42 63 69 81 4 13 142 103 128 129 134 123 35 21 34 76 38 49 110 0 58 120 90 87 143 26 89 52 121 28 40 83 8 102 
95 115 118 2 10 49 32 111 30 6 44 72 132 9 4 128 31 65 63 21 47 116 123 82 7 101 36 45 122 14 133 50 66 138 90 16 61 135 8 119 80 5 18 3 143 89 56 103 48 131 77 141 83 99 54 25 93 33 62 94 59 53 34 87 35 52 71 38 107 29 1 42 23 137 91 79 113 11 81 15 117 60 28 70 39 96 58 129 22 78 20 120 124 41 112 142 127 69 64 68 105 102 114 75 136 134 109 12 139 0 84 19 86 126 130 125 92 17 76 88 57 13 40 26 97 98 67 110 51 74 100 121 108 27 24 55 43 104 106 140 85 46 73 37 
54 101 140 53 7 65 40 110 126 132 48 109 96 59 86 46 93 83 12 39 51 111 137 75 70 15 113 98 60 37 125 138 87 129 122 80 102 119 14 42 34 36 121 73 118 20 78 131 10 91 142 103 127 114 71 61 22 25 23 115 77 95 44 62 56 5 106 124 135 136 120 50 49 57 123 31 41 112 88 108 6 90 55 21 105 68 74 104 66 17 18 64 117 134 82 26 67 133 28 84 116 139 143 24 9 99 79 16 128 27 30 76 45 4 72 100 141 81 94 8 130 0 32 107 29 58 69 19 38 85 52 1 92 63 3 47 2 33 11 35 97 13 89 43 
61 52 0 55 95 108 49 116 137 42 81 6 113 9 96 82 70 110 45 22 104 54 77 39 90 34 140 143 71 138 92 5 18 134 8 131 74 68 126 103 141 111 40 44 93 20 21 43 88 29 85 59 79 101 23 120 69 13 66 99 67 16 94 114 56 130 64 87 136 112 129 35 33 62 53 4 105 65 86 135 12 63 30 102 51 28 119 37 19 27 48 109 89 32 47 83 100 10 80 132 60 14 107 7 3 72 11 31 98 128 133 117 78 25 36 125 1 142 123 84 91 127 38 50 106 121 118 75 58 2 57 76 73 139 41 115 97 124 122 46 15 17 24 26 
72 53 103 75 113 71 58 49 45 121 95 124 107 6 77 29 141 7 116 28 117 70 127 37 114 5 98 118 27 40 128 109 43 51 3 62 134 44 142 130 92 143 46 12 91 81 105 33 35 19 137 97 31 106 13 47 55 60 18 123 73 99 54 16 93 24 115 59 56 67 102 14 139 34 85 68 11 74 87 140 36 4 126 96 57 80 94 22 131 76 41 78 84 138 125 61 48 2 1 119 20 9 26 63 15 136 30 133 0 21 89 112 52 110 25 64 88 23 65 120 69 32 135 79 101 66 38 132 83 129 82 8 122 111 90 104 86 42 50 17 100 108 39 10 
117 16 61 0 142 136 67 106 51 95 72 134 69 133 87 59 26 97 62 115 105 47 49 74 113 15 71 139 10 41 4 131 92 35 42 58 46 94 88 112 12 86 33 66 14 8 22 57 28 98 65 127 100 123 135 31 119 13 84 2 20 79 141 120 101 52 111 81 53 21 17 83 143 77 48 43 122 40 126 54 9 73 60 107 102 23 24 34 78 39 63 80 138 6 3 36 99 93 125 108 32 130 90 25 128 75 68 19 11 96 55 1 104 29 110 82 109 50 132 129 91 124 89 76 140 70 38 85 103 116 137 5 118 121 64 30 18 7 45 56 27 44 114 37 
51 1 20 97 62 2 16 30 47 85 56 57 27 3 98 50 119 112 10 138 82 65 55 4 61 58 5 69 124 89 68 12 111 110 143 59 113 101 0 14 73 76 90 52 118 7 26 135 8 122 19 104 60 91 72 141 70 17 49 134 53 34 120 42 41 123 21 54 106 136 45 127 99 36 81 88 139 80 40 140 15 24 66 79 63 94 137 96 39 25 46 28 121 38 109 142 128 87 75 133 37 107 35 108 33 93 126 67 100 18 71 114 95 129 116 13 64 117 125 31 84 103 29 115 78 44 9 22 74 48 86 6 130 11 83 23 43 102 92 132 131 77 32 105 
75 5 48 126 71 107 30 32 106 109 94 125 138 13 56 49 2 124 22 87 65 66 70 123 57 103 98 127 102 85 25 95 26 133 80 141 19 11 89 110 7 52 17 10 108 105 8 64 46 97 53 130 54 47 36 73 81 16 128 91 92 55 137 74 72 140 3 134 31 20 76 101 51 14 62 28 131 104 42 119 142 27 115 84 63 44 39 136 83 112 111 135 15 0 38 100 61 132 41 29 90 116 67 60 59 58 88 121 45 33 114 1 40 43 37 117 129 12 9 139 18 86 34 6 68 120 93 69 21 118 35 78 99 96 113 50 77 23 82 122 4 24 79 143 
93 89 136 83 105 68 26 66 11 128 33 108 99 20 39 62 141 1 34 140 41 139 106 36 112 114 125 127 8 60 113 75 85 56 14 19 119 84 143 5 51 13 64 2 121 137 135 130 22 115 134 25 117 74 91 86 37 44 100 67 111 54 28 132 76 107 103 4 32 97 70 17 3 72 46 9 118 126 27 61 88 38 52 131 110 12 69 71 29 79 77 24 0 129 57 53 123 109 31 21 63 94 95 92 10 122 47 90 16 102 6 80 116 82 42 43 50 96 101 48 35 87 98 59 49 104 7 138 124 30 18 15 45 40 81 55 73 65 120 58 23 78 133 142 
33 140 67 96 27 29 137 71 113 128 133 99 76 32 10 18 120 12 41 63 34 127 4 48 135 138 65 132 112 122 69 46 101 83 121 98 115 134 44 139 97 20 21 25 62 50 43 19 103 23 125 15 70 74 60 79 59 87 111 78 106 86 73 45 14 30 114 0 1 54 107 77 136 16 42 66 17 72 28 37 126 2 31 36 129 13 90 109 24 49 80 38 47 130 124 119 8 39 58 55 110 131 51 104 9 118 52 117 92 105 6 93 108 64 5 142 82 91 11 89 75 7 40 22 95 35 116 61 85 57 53 123 94 26 3 88 56 143 141 68 84 100 81 102 
126 72 80 118 46 3 81 138 41 53 36 69 131 11 64 34 55 119 100 87 58 26 120 92 78 25 73 77 109 106 121 111 76 102 105 1 44 132 95 107 10 49 48 35 71 4 122 40 23 86 74 124 2 50 47 54 136 30 97 59 110 137 42 96 19 84 103 8 116 70 142 29 135 68 140 52 21 32 75 129 85 117 65 67 22 13 24 123 43 51 139 79 125 141 16 5 18 115 112 114 88 45 66 90 39 14 60 37 56 20 127 0 57 6 61 93 15 89 101 104 62 7 133 9 130 31 94 91 134 27 128 99 38 28 143 98 17 63 108 33 82 12 113 83 
116 58 64 102 87 42 44 37 127 20 45 65 76 107 96 41 132 43 16 1 108 135 98 51 14 137 32 104 99 67 53 93 123 66 47 49 77 28 100 6 86 39 128 79 25 36 7 40 91 33 130 31 5 27 38 88 73 78 4 10 12 29 89 46 121 69 120 81 139 15 94 35 90 70 105 95 61 57 48 110 143 75 122 134 82 97 111 34 71 9 115 54 112 109 68 126 141 131 129 0 13 23 22 56 124 18 133 114 24 84 52 106 140 136 125 119 59 138 117 113 74 21 103 63 60 19 80 85 8 30 142 62 17 3 50 83 26 118 92 2 101 11 55 72 
