150 100
59 7 128 93 116 141 48 143 129 33 40 55 101 118 84 68 24 51 88 94 78 139 90 81 98 138 89 144 136 148 104 4 14 79 3 108 107 111 99 121 127 91 122 75 27 123 119 130 132 77 149 105 0 8 53 6 42 5 113 35 67 62 54 28 117 135 61 142 126 80 21 85 19 147 22 25 12 86 52 137 97 56 10 70 30 145 103 109 2 15 32 66 92 16 83 146 87 20 96 131 58 64 9 125 110 47 114 43 26 72 34 74 49 11 100 134 82 124 50 45 115 112 57 140 39 37 44 1 63 95 76 106 23 133 18 46 73 102 29 65 36 31 41 60 38 17 69 13 71 120 
89 97 58 44 80 79 120 105 81 123 52 116 148 17 43 144 32 129 111 125 12 49 35 66 110 93 134 71 141 82 101 77 74 19 61 5 29 50 18 48 92 59 22 72 70 34 30 99 0 55 7 47 103 121 113 114 60 8 130 96 118 45 28 86 24 104 13 98 36 57 11 122 140 136 73 68 135 90 42 1 109 67 62 69 41 10 119 106 65 139 117 26 40 21 54 133 6 75 16 9 2 33 143 27 131 95 4 85 102 51 64 138 76 3 149 142 37 145 88 132 31 56 23 15 87 108 83 39 53 124 127 14 20 115 91 147 146 46 128 94 78 126 63 100 38 84 112 137 107 25 
114 117 52 2 115 122 124 82 146 103 97 3 137 48 36 66 141 23 104 54 47 7 59 74 135 133 81 119 131 126 93 30 6 130 50 53 106 129 121 79 145 84 49 42 63 96 149 138 11 112 13 18 67 39 140 136 88 147 41 101 111 15 148 24 69 61 80 134 31 40 37 56 46 87 44 123 127 14 76 75 118 102 85 144 32 5 17 90 34 113 65 21 0 125 9 94 10 12 120 83 92 33 38 45 107 58 35 57 109 4 116 22 142 19 28 72 25 26 29 51 132 16 100 20 86 91 108 99 77 98 110 27 71 73 70 64 89 55 62 60 8 105 143 95 128 68 43 1 139 78 
115 120 138 47 145 23 56 26 125 31 36 117 33 90 50 92 83 103 32 63 34 25 60 133 100 29 82 28 21 69 131 128 88 71 15 110 135 95 52 37 119 72 5 147 122 4 70 97 96 109 124 67 74 106 149 73 10 104 76 17 62 80 55 105 78 127 57 136 3 86 46 51 24 44 30 41 89 1 19 59 107 139 43 49 38 42 45 114 134 35 129 66 48 148 126 144 18 58 14 20 7 99 53 140 13 116 8 146 68 130 132 79 91 123 12 61 0 22 93 111 94 101 2 108 81 143 85 102 11 6 9 64 121 87 84 142 118 141 98 16 75 40 77 113 54 27 65 112 39 137 
76 50 101 22 11 17 6 52 80 56 146 32 51 19 26 62 0 66 129 88 31 137 121 91 93 13 8 27 103 45 64 133 135 2 87 47 115 36 148 18 132 63 136 130 61 72 96 40 77 124 16 4 44 57 3 53 102 119 128 97 94 145 65 49 109 149 1 29 138 23 147 90 140 46 59 92 43 114 55 110 28 21 120 67 85 117 35 99 41 118 84 142 104 12 68 79 82 125 9 122 106 105 24 113 38 70 139 89 134 75 20 112 83 34 25 78 131 60 123 42 58 15 10 5 7 100 141 126 30 143 86 111 33 71 73 14 116 144 48 54 107 108 39 74 81 69 98 127 95 37 
46 2 17 93 79 110 98 54 117 133 100 63 32 82 22 126 103 101 123 88 115 134 27 106 65 31 109 147 76 120 43 14 81 137 61 40 24 105 125 16 21 68 91 20 53 7 89 131 42 75 149 67 112 111 127 83 94 35 45 142 77 69 84 5 119 132 23 11 47 1 37 30 122 29 72 146 57 107 71 60 19 96 136 4 8 80 0 36 50 34 138 87 128 124 55 25 141 86 48 85 92 18 78 114 139 10 49 130 140 104 64 144 3 52 99 73 41 102 15 95 13 135 33 129 51 143 9 56 121 145 116 74 90 59 113 108 26 38 39 62 97 148 12 118 6 66 70 44 58 28 
14 101 110 32 149 142 15 22 17 73 129 130 41 35 143 122 145 111 136 65 84 42 92 23 8 28 55 24 62 31 86 74 100 26 138 93 61 87 30 108 49 91 117 80 34 107 85 57 95 139 56 99 71 45 131 79 51 83 141 25 78 132 148 112 76 128 5 27 126 140 121 125 90 60 102 104 38 69 97 135 9 13 70 120 82 63 4 59 46 43 89 29 0 64 144 20 10 2 7 96 103 146 16 88 12 119 39 137 40 3 33 81 50 21 48 72 109 68 66 115 118 113 133 58 11 52 54 47 123 114 124 147 77 75 44 36 134 98 127 6 37 18 53 19 94 1 116 105 106 67 
93 103 29 137 97 51 117 67 101 126 130 79 134 24 53 92 56 143 108 86 22 104 14 62 119 47 43 83 133 113 3 149 41 65 38 124 147 76 74 99 78 118 16 21 32 146 49 105 20 77 5 55 7 71 82 57 102 6 31 18 4 132 66 72 23 64 11 138 109 123 2 28 46 13 50 68 95 85 52 45 37 42 63 81 136 96 25 90 59 10 112 91 48 17 15 125 89 36 116 8 58 128 140 84 75 144 145 54 121 106 39 94 139 107 141 80 19 120 60 115 30 73 27 69 129 44 88 34 1 70 9 131 122 61 26 33 0 98 114 142 12 127 87 100 148 40 111 110 35 135 
34 129 45 77 144 96 107 5 52 109 116 16 81 149 30 11 72 89 131 108 13 37 62 111 7 67 114 59 73 124 122 125 60 17 31 138 82 66 56 40 47 12 83 146 97 76 117 68 128 9 1 140 126 74 33 2 102 42 84 35 121 19 136 123 148 57 120 63 22 15 43 95 36 145 92 115 147 28 54 55 79 14 46 41 8 130 99 48 141 100 105 27 91 119 44 70 98 113 6 142 53 20 32 87 94 39 93 88 127 25 50 18 4 101 132 106 64 29 135 75 85 118 112 26 80 71 49 24 78 90 21 10 38 133 65 0 86 23 134 61 139 110 58 51 103 3 137 69 143 104 
84 35 98 125 38 55 97 91 119 126 30 106 45 50 15 134 28 118 64 96 6 141 47 33 113 74 70 4 73 29 69 80 121 22 99 75 108 143 63 0 48 26 2 3 135 93 37 36 140 85 41 58 131 109 39 27 129 17 102 111 128 67 24 79 120 144 136 123 147 57 51 42 7 112 12 72 23 115 18 89 8 13 88 107 116 43 65 132 105 124 56 122 87 92 14 46 31 78 1 61 5 68 66 127 16 11 94 130 103 59 20 21 100 90 148 76 133 53 10 110 104 82 52 81 146 117 101 34 71 32 60 83 62 40 145 137 49 86 54 114 25 44 9 77 139 142 19 138 95 149 
9 59 45 37 69 40 115 24 29 35 72 106 126 110 4 5 128 83 117 55 28 3 2 21 123 38 51 64 67 78 142 39 141 119 92 12 98 140 27 46 50 10 8 79 18 7 22 127 135 11 97 32 122 20 134 49 146 114 80 34 86 89 105 81 133 137 23 87 108 113 109 131 84 100 85 149 47 31 17 15 82 56 102 112 147 124 76 148 73 96 99 111 145 52 130 60 104 58 143 61 14 68 25 101 19 30 95 41 88 138 91 120 70 36 136 26 66 57 94 107 75 74 33 90 6 65 0 62 121 71 42 13 1 43 48 116 77 44 53 144 125 54 132 93 16 129 139 118 63 103 
91 106 52 5 130 96 108 146 63 24 61 12 83 115 69 99 116 131 71 86 107 138 127 100 111 129 53 109 142 74 43 56 41 11 139 112 124 17 45 93 28 143 87 38 145 22 149 3 55 57 73 7 77 105 122 33 36 118 58 50 67 54 20 19 1 117 31 30 65 89 59 72 34 148 123 26 94 15 92 29 119 39 82 51 9 13 133 8 114 23 75 81 144 64 136 78 95 37 32 147 85 97 120 125 132 113 134 104 128 68 103 137 121 76 0 88 90 40 42 110 16 2 44 21 101 4 126 80 25 135 140 70 18 47 84 66 141 46 35 60 98 14 79 62 48 10 102 27 6 49 
61 136 87 146 149 97 46 53 125 67 107 42 41 26 4 98 34 88 68 22 64 1 84 30 8 104 147 58 18 74 29 132 130 9 73 122 82 66 72 137 80 116 89 129 15 50 47 10 35 112 36 115 144 121 133 14 23 145 75 25 124 45 100 32 62 37 55 7 20 92 48 123 110 113 11 86 3 28 70 108 24 128 131 99 54 111 65 93 138 114 12 33 49 127 21 52 120 109 44 43 148 134 126 59 85 19 94 16 106 51 141 6 117 143 56 2 95 69 71 38 139 118 76 5 17 91 96 60 90 142 39 27 140 135 79 81 103 0 77 105 119 31 78 57 101 102 40 13 83 63 
142 4 107 123 129 121 93 73 115 18 80 17 56 97 77 70 136 84 88 46 92 113 16 0 119 131 57 86 8 122 25 117 42 79 1 76 114 52 94 54 101 78 102 2 34 137 105 82 104 63 65 37 118 133 49 64 75 110 120 47 135 98 15 111 74 106 130 3 58 61 27 19 44 140 91 50 143 103 87 48 55 96 108 36 43 35 132 33 45 81 51 28 32 22 89 144 72 138 109 100 148 67 134 39 12 128 7 95 60 29 23 83 40 21 141 145 26 146 71 116 20 53 13 66 85 11 149 69 147 41 124 31 59 38 14 126 125 10 127 9 99 139 112 68 62 5 90 6 24 30 
30 73 115 133 68 102 26 117 141 129 118 24 58 87 143 91 113 127 29 48 77 8 104 88 15 130 37 32 61 124 60 49 131 144 120 111 96 122 138 114 44 123 23 89 135 85 78 110 112 147 53 56 134 75 95 39 43 105 101 139 70 55 14 4 148 119 11 98 94 69 1 103 107 100 71 125 140 99 16 63 106 0 90 108 6 126 2 128 38 18 132 7 149 72 17 9 27 84 36 41 145 50 10 20 62 80 52 57 136 22 67 51 46 64 3 83 74 116 109 25 54 82 79 12 21 40 76 65 31 35 28 13 66 81 137 59 42 47 86 97 19 5 33 146 34 93 92 121 45 142 
55 6 126 31 14 10 119 122 46 136 23 129 12 32 97 108 127 1 43 120 143 68 63 73 130 95 83 128 111 61 60 117 113 144 7 85 133 40 100 13 4 54 87 37 105 29 53 52 132 138 2 39 118 34 28 33 112 94 48 47 25 21 59 81 16 101 76 44 125 5 145 42 67 134 142 121 27 146 66 56 109 77 98 115 148 8 36 124 20 131 116 18 92 82 103 135 141 50 45 96 26 11 149 69 104 80 147 22 75 62 88 93 24 78 140 58 41 79 139 72 64 38 49 17 3 57 30 84 99 123 86 107 114 89 65 35 0 74 15 9 102 71 106 91 51 137 19 90 70 110 
33 97 19 144 72 112 8 50 48 120 60 44 93 135 6 10 42 118 98 76 18 128 73 68 1 28 47 104 81 17 11 34 127 87 117 58 22 55 143 15 137 140 52 4 124 12 49 119 78 106 109 132 56 115 27 105 121 51 24 146 110 89 61 9 21 130 43 80 92 62 75 138 107 25 145 95 14 54 102 13 5 31 103 0 70 148 141 123 65 67 29 35 45 96 3 2 30 7 20 147 88 99 125 16 69 39 91 23 71 122 139 59 86 57 90 40 53 94 32 64 133 136 38 63 74 114 37 85 41 134 26 77 149 116 111 129 79 84 100 108 82 131 142 36 113 83 46 101 126 66 
15 133 51 50 76 90 71 101 36 116 28 3 145 5 147 2 112 16 89 68 86 17 52 40 135 18 42 57 84 107 60 146 58 34 23 104 38 41 19 91 44 46 9 94 14 137 32 125 0 83 62 95 138 81 108 87 30 47 73 25 37 56 79 13 80 67 117 102 148 126 70 111 109 77 118 21 20 22 130 72 1 6 43 96 128 113 97 24 82 115 99 69 122 92 78 11 45 39 49 59 149 144 141 121 93 139 123 100 110 63 120 66 140 88 48 127 75 33 114 29 143 85 55 103 142 129 7 105 131 65 64 54 61 53 8 136 35 74 119 124 31 98 106 4 134 10 132 12 26 27 
82 69 2 144 55 64 15 48 90 109 5 132 7 49 102 75 22 99 127 42 56 80 148 3 63 97 92 37 137 20 126 87 131 108 145 46 146 100 112 28 122 57 0 66 70 16 39 105 119 59 33 123 140 8 138 110 133 47 93 43 41 29 11 67 120 74 94 101 79 72 17 10 86 107 6 117 85 23 58 30 141 98 83 130 76 1 9 18 89 27 45 129 51 121 142 26 143 60 96 44 104 116 53 134 50 124 77 21 139 115 24 68 31 88 40 106 125 136 149 65 128 54 62 35 91 111 19 52 4 84 114 95 14 34 103 71 13 73 61 38 113 32 135 81 36 147 78 25 12 118 
130 96 15 13 136 118 63 0 69 27 51 39 127 61 114 128 86 34 35 44 104 123 87 109 90 124 42 72 83 41 25 133 149 110 7 120 137 50 48 85 97 88 139 92 89 148 145 32 99 4 106 43 14 19 80 23 103 70 112 28 95 65 147 30 142 12 138 68 8 46 21 108 116 57 52 62 113 10 56 71 126 91 18 79 9 141 98 102 78 76 22 59 1 94 26 20 5 54 36 81 2 24 131 47 119 122 66 100 38 146 129 31 60 125 67 121 11 115 55 93 37 45 49 107 101 16 64 74 73 117 29 33 82 140 53 84 77 3 111 132 144 6 58 135 40 143 17 134 105 75 
40 109 104 12 131 110 48 112 3 108 106 58 18 67 62 89 31 147 55 2 94 24 100 72 29 5 76 77 120 127 121 143 148 66 20 117 75 139 118 137 107 45 96 101 135 22 10 39 6 32 1 54 85 61 38 9 105 46 36 92 97 70 71 56 116 142 145 41 42 73 136 149 8 53 79 4 84 125 128 34 132 122 114 25 69 138 68 82 119 33 91 126 11 17 80 43 129 78 103 130 102 51 134 0 146 44 13 50 35 65 23 19 123 7 115 63 140 93 113 87 144 86 52 14 95 21 59 15 30 99 37 47 90 57 81 124 98 141 88 64 28 111 49 74 60 26 16 27 83 133 
138 49 146 95 8 2 83 17 85 113 91 135 66 148 62 59 70 79 142 102 92 144 89 112 123 93 19 28 90 110 137 40 111 14 132 0 117 121 129 133 73 67 48 147 116 1 18 76 65 21 122 46 88 136 11 119 108 32 80 96 43 31 131 37 69 81 68 77 60 126 145 26 44 20 118 53 7 72 94 115 41 124 54 141 143 130 16 149 120 105 99 29 27 3 106 64 23 33 51 127 15 55 4 36 5 58 13 86 128 10 6 109 61 22 12 30 39 56 57 97 104 24 98 25 84 107 34 75 45 42 100 82 38 87 125 52 139 63 74 9 103 47 78 71 35 140 114 101 50 134 
70 6 109 98 60 51 36 9 21 23 19 130 103 91 128 117 48 122 82 29 30 64 134 125 80 57 52 43 136 28 132 74 40 118 73 25 95 15 142 8 86 39 33 10 90 59 0 35 44 143 88 77 75 96 68 46 17 138 26 20 76 145 144 114 58 50 56 102 37 92 83 53 41 99 81 61 42 133 120 84 24 101 47 79 100 49 127 67 119 147 32 63 16 78 2 18 45 27 137 135 123 65 106 148 62 107 94 141 126 129 31 11 4 34 97 105 55 139 13 108 14 149 38 124 54 3 71 113 110 131 22 89 93 121 116 104 111 146 112 5 85 66 1 115 87 69 140 12 72 7 
2 26 140 59 110 113 39 9 55 114 24 40 132 88 120 133 46 127 30 94 100 93 53 25 115 74 134 129 21 111 81 35 141 31 45 48 68 85 135 54 28 33 126 92 41 86 17 38 89 12 84 64 1 15 61 42 90 118 96 143 63 119 4 99 8 107 60 105 73 20 52 117 102 98 137 65 95 116 29 72 106 14 71 104 123 78 16 91 147 43 13 148 97 103 10 76 0 149 108 128 131 139 56 109 58 79 62 112 44 145 69 136 124 23 122 101 142 6 11 146 66 57 37 138 18 130 5 83 82 125 34 22 49 80 51 67 7 144 3 70 75 36 50 47 77 32 121 19 87 27 
95 69 121 86 142 33 88 115 36 136 124 77 35 41 102 90 138 147 50 47 143 37 73 101 119 23 8 127 126 55 78 134 21 14 97 4 114 125 139 46 137 3 67 26 117 71 52 132 48 116 56 29 32 53 104 107 22 31 129 58 61 81 93 7 39 76 96 122 70 60 2 30 99 19 140 54 34 80 149 17 11 27 85 38 68 94 98 66 128 75 91 0 25 112 84 92 111 130 28 141 6 118 87 24 74 131 83 133 45 59 10 100 63 89 62 42 148 64 65 12 146 105 18 106 120 79 57 135 1 72 43 44 40 113 103 82 51 20 5 108 123 49 110 16 13 109 144 9 15 145 
143 45 110 7 113 111 29 83 139 107 58 12 41 31 77 89 26 144 120 21 118 127 16 82 40 87 80 128 22 95 2 75 72 98 42 126 131 11 133 62 103 25 5 20 15 125 119 137 68 56 65 71 84 124 129 57 4 74 44 90 116 99 51 135 115 130 96 109 13 6 50 55 66 53 108 117 0 97 122 10 92 100 141 123 88 8 63 91 46 37 43 59 85 112 134 1 27 149 69 3 30 33 19 52 61 35 121 70 14 147 86 104 148 9 93 39 79 23 101 102 18 32 28 94 132 17 81 146 54 49 138 24 106 48 140 136 105 78 76 34 73 36 60 47 145 142 67 64 38 114 
116 41 143 132 25 2 93 79 0 7 103 15 46 122 64 65 84 105 34 133 130 138 51 1 107 142 61 121 141 29 102 85 113 30 53 77 125 115 97 69 58 14 136 16 149 33 81 52 106 117 35 44 144 42 108 56 99 43 66 17 92 86 38 45 80 147 26 120 109 146 96 50 13 75 73 6 54 8 148 39 100 110 5 32 3 24 4 88 127 101 23 82 27 40 94 20 76 12 72 57 98 114 9 91 83 67 48 49 21 71 124 74 11 139 118 95 10 104 78 28 135 18 55 123 87 70 68 22 140 111 134 36 62 126 119 63 59 37 128 129 47 31 137 145 89 90 131 112 19 60 
4 58 104 11 124 143 13 132 28 50 119 108 111 17 141 97 123 19 130 142 74 62 121 0 90 51 49 94 112 135 35 25 41 60 125 110 78 109 128 67 59 99 136 18 33 66 127 70 85 3 53 129 102 63 43 26 5 139 54 20 30 80 39 15 42 107 122 147 137 73 77 24 7 46 47 75 98 86 61 100 65 9 16 10 68 106 34 6 23 126 40 120 84 138 134 38 44 105 79 114 81 113 32 93 145 149 116 57 146 117 22 83 14 91 88 92 1 8 103 96 37 52 89 131 140 76 64 72 118 48 56 101 87 133 148 27 115 12 31 95 82 45 29 36 21 55 144 2 71 69 
42 148 34 66 139 136 125 45 63 140 108 67 48 64 118 105 69 38 107 68 77 146 149 106 111 79 121 131 10 115 18 92 95 9 102 37 72 119 74 90 123 84 14 54 28 46 137 147 17 117 40 24 104 61 5 15 128 132 31 62 76 65 19 85 6 43 29 58 3 120 126 70 41 60 89 20 101 51 22 127 116 82 12 141 87 11 88 36 2 99 35 135 86 50 44 130 4 57 134 145 97 91 94 25 13 27 39 23 124 71 52 143 103 8 26 114 33 83 21 122 7 16 112 75 142 32 80 1 109 59 93 133 81 100 98 110 47 113 0 96 30 55 78 53 144 129 138 56 73 49 
104 46 2 91 89 133 118 49 95 64 121 134 98 79 80 84 1 143 11 42 26 54 67 71 62 74 149 107 27 35 105 86 147 18 97 9 47 19 61 142 129 123 4 34 45 52 70 115 53 25 39 48 122 88 112 106 82 21 83 103 7 5 144 78 119 75 93 87 90 117 12 76 101 40 77 13 113 23 132 126 6 56 32 137 102 20 16 36 15 55 69 130 59 8 145 0 114 65 60 111 63 30 24 116 38 109 124 58 10 110 148 135 68 99 3 81 127 57 141 100 96 128 51 108 125 14 29 37 33 94 146 92 120 139 43 31 22 66 136 138 50 28 73 41 44 131 72 17 85 140 
121 85 138 32 136 84 67 33 35 31 39 98 96 47 89 64 80 5 57 106 51 78 2 73 120 86 28 19 15 69 60 101 53 58 12 26 72 25 148 46 61 140 4 114 108 149 145 55 40 22 50 99 104 6 34 29 128 75 16 62 27 21 38 66 90 127 8 122 105 88 125 143 83 18 41 147 141 109 110 44 1 49 142 37 30 116 97 68 74 103 10 129 82 93 7 14 63 0 130 17 133 134 56 135 42 65 117 11 139 95 70 126 132 24 137 115 119 146 94 123 118 36 112 100 43 81 59 131 111 77 79 3 107 45 9 52 48 91 71 54 124 102 23 76 20 87 144 92 113 13 
16 39 101 25 83 65 106 36 67 2 14 130 112 95 94 133 140 58 72 33 96 88 61 32 85 34 102 70 12 22 59 26 136 13 1 60 9 43 92 68 15 84 81 143 100 104 97 47 8 126 80 19 51 149 127 119 108 105 76 69 128 7 93 35 145 129 107 27 135 45 118 52 66 109 40 49 44 56 98 111 89 11 42 115 141 82 10 50 4 113 131 90 3 38 75 116 138 64 62 117 120 123 110 74 139 142 31 24 87 37 132 18 30 79 146 122 125 148 55 114 29 0 77 144 134 53 124 5 21 20 99 28 23 71 63 54 48 46 121 73 137 57 86 147 17 41 78 91 103 6 
46 14 28 56 68 113 62 149 91 12 51 36 118 2 84 104 128 87 59 144 107 55 146 1 81 63 85 76 32 80 111 95 88 116 25 124 71 33 98 137 130 48 101 9 64 105 7 108 27 5 15 92 96 18 123 115 58 133 74 106 135 100 49 143 26 19 21 47 10 38 99 120 78 148 134 90 53 82 61 112 89 37 121 4 140 117 132 67 70 39 52 127 77 31 142 147 60 136 75 0 66 141 43 145 29 3 103 94 86 34 42 17 110 11 57 16 22 114 8 131 72 139 73 126 83 102 20 79 129 65 44 122 45 13 54 30 50 24 97 41 6 35 69 138 23 109 125 93 40 119 
117 44 58 127 68 128 21 54 60 3 82 135 61 97 39 38 102 90 65 95 33 113 10 70 121 24 41 100 66 137 31 114 78 147 63 55 77 67 52 131 47 132 17 72 74 89 140 64 49 94 43 101 91 85 112 124 71 118 79 11 36 45 133 108 2 4 119 126 138 5 27 29 120 141 76 22 14 129 110 103 1 106 62 136 48 144 28 122 20 73 19 83 40 0 9 123 13 139 8 81 99 149 6 51 18 7 80 148 15 105 42 23 104 56 87 46 84 93 92 115 116 32 107 86 50 37 25 75 16 57 109 146 69 35 53 26 111 142 145 96 30 34 134 88 130 125 59 98 12 143 
102 51 88 47 2 72 3 119 117 90 123 30 67 16 36 144 143 17 27 37 69 64 68 121 65 55 39 66 139 80 62 4 111 63 129 87 147 34 46 57 6 0 54 35 10 132 5 128 137 79 71 136 52 127 28 24 112 146 108 84 45 56 13 104 116 89 73 94 141 48 120 86 18 42 115 130 107 140 31 126 105 58 59 11 85 114 8 12 99 15 103 23 113 145 131 109 138 70 118 82 53 74 29 100 110 50 25 148 44 93 78 49 38 41 19 20 98 9 92 125 95 91 101 75 60 76 32 7 135 124 97 83 134 26 122 106 81 14 61 33 142 21 43 1 96 149 133 22 40 77 
144 29 5 107 1 2 34 87 80 122 137 49 68 3 82 103 148 132 145 42 143 149 126 108 37 0 45 123 62 74 114 78 86 135 60 6 95 89 31 112 39 10 113 120 58 106 66 118 64 50 139 138 124 100 15 16 4 72 146 96 28 59 61 65 121 141 11 67 129 30 56 133 46 40 13 90 20 94 73 18 9 8 79 98 116 77 88 44 125 110 130 25 27 70 109 84 54 93 63 104 147 115 24 127 35 99 41 12 26 85 48 136 83 36 134 81 140 57 76 53 71 21 33 19 75 69 111 91 51 23 14 117 131 47 102 52 92 17 7 142 32 119 128 55 101 38 43 97 105 22 
119 122 72 37 56 48 135 38 95 137 97 51 21 123 35 59 63 71 77 141 148 78 92 45 28 126 0 96 13 91 87 90 66 130 5 8 104 10 25 15 113 50 47 65 89 121 138 22 36 2 127 82 55 42 29 4 131 60 32 112 100 27 125 80 53 109 106 110 17 18 108 26 144 83 9 12 40 140 24 142 94 6 19 81 120 73 64 16 93 14 111 69 1 146 30 46 129 39 31 41 76 7 74 105 44 43 98 61 85 134 58 84 57 99 23 139 149 107 20 102 86 70 34 54 67 75 128 117 116 118 3 147 68 88 103 115 133 52 136 101 79 143 132 114 62 11 49 124 33 145 
127 138 126 61 68 106 101 121 67 40 147 123 107 69 77 136 141 131 95 63 17 50 98 53 71 4 114 35 74 11 110 82 91 88 7 89 28 90 105 103 93 142 148 108 124 21 72 129 118 47 116 73 51 97 19 84 24 119 39 149 66 109 16 92 81 60 57 37 14 52 143 18 54 31 27 132 2 111 6 122 137 139 99 83 102 56 144 112 12 87 115 120 45 49 20 133 70 33 38 58 34 5 75 25 36 128 46 62 29 9 94 78 130 10 135 44 86 96 145 55 42 13 26 22 15 64 48 134 85 100 32 43 30 104 0 140 80 76 113 59 23 65 3 79 8 1 125 41 146 117 
81 92 137 129 23 117 90 19 1 7 148 34 61 139 65 111 12 40 121 59 94 75 131 6 106 43 89 108 112 5 71 146 140 122 21 109 56 127 120 135 88 74 142 118 132 13 27 136 38 82 4 143 97 76 115 3 33 105 42 145 35 44 123 87 113 83 110 29 79 49 15 63 119 73 101 47 141 86 46 52 14 31 22 102 53 91 72 41 39 103 36 64 25 54 30 95 77 128 100 114 66 147 149 9 16 48 17 133 130 69 51 37 58 32 67 126 78 10 98 28 116 99 60 138 18 84 50 144 62 80 26 45 11 68 20 125 107 24 0 70 57 134 55 96 8 104 93 2 85 124 
99 35 15 55 81 97 79 54 125 7 94 21 73 74 106 100 77 45 13 83 0 141 47 51 82 105 8 132 62 130 61 84 75 104 135 11 118 87 133 76 6 144 138 115 93 149 103 53 14 1 42 25 60 148 56 46 142 112 96 122 48 20 59 30 44 38 146 64 36 33 72 10 95 32 4 80 143 101 63 102 128 31 43 71 70 92 34 50 49 110 134 121 18 52 16 23 2 39 12 123 19 124 68 89 37 139 24 58 17 98 65 26 126 27 41 86 57 22 140 78 108 90 117 147 129 127 85 120 131 119 28 145 137 66 88 107 109 5 91 3 116 29 69 113 9 114 136 111 67 40 
72 116 50 146 39 108 15 40 85 142 19 20 88 101 129 5 91 43 98 10 77 80 25 126 131 56 67 84 136 122 27 29 114 148 61 75 69 145 109 66 134 8 45 6 140 51 23 132 31 34 123 22 118 78 68 21 24 26 112 18 70 7 76 46 83 54 102 81 65 11 74 97 64 58 30 103 44 95 135 0 144 14 113 125 143 35 4 105 119 53 89 9 141 130 86 106 62 110 28 82 33 12 71 60 16 79 147 52 55 128 41 93 139 59 87 3 37 36 92 49 120 117 137 99 13 2 111 107 1 104 90 63 48 96 124 94 73 17 115 149 57 121 38 138 127 32 133 100 47 42 
76 9 135 37 55 10 110 51 91 71 75 4 136 119 48 56 114 28 66 122 142 100 16 116 65 77 38 12 132 133 72 53 105 13 113 148 147 87 84 54 60 6 109 118 40 104 106 123 63 125 89 126 117 82 21 98 26 128 47 69 129 35 103 19 121 23 83 143 134 49 92 45 46 1 141 25 102 30 31 18 50 68 62 140 44 138 137 14 90 145 120 2 7 36 33 39 27 74 96 97 124 32 57 99 52 34 17 127 115 20 131 22 41 43 61 5 67 73 149 88 3 139 95 8 93 80 101 107 108 94 59 79 58 81 24 11 0 146 85 86 15 70 111 112 130 42 64 29 78 144 
11 55 89 42 80 4 67 112 66 110 111 100 65 46 73 29 75 102 99 39 115 25 40 101 1 96 68 36 61 32 84 50 95 142 22 113 87 81 79 131 98 136 3 149 105 145 38 41 116 23 34 33 92 132 62 6 134 139 48 58 90 7 128 108 8 77 71 117 126 123 107 24 69 114 94 17 10 74 56 91 104 64 57 122 141 15 127 14 35 9 43 106 97 143 30 52 144 93 70 85 140 120 54 146 13 138 18 59 103 147 16 83 63 5 26 88 44 121 137 12 76 47 125 133 118 135 60 119 130 45 28 86 0 21 19 37 82 20 129 109 27 148 31 49 53 51 72 78 124 2 
113 75 142 42 131 17 51 105 137 63 115 31 109 108 119 143 57 121 90 104 15 67 133 65 52 18 14 0 116 81 72 84 46 44 26 97 40 58 102 125 70 35 134 24 59 32 47 1 64 54 91 8 55 68 77 71 128 19 22 129 93 118 92 9 130 100 87 27 76 62 73 48 101 33 114 96 50 53 16 60 28 85 117 99 94 124 122 106 13 43 11 45 30 123 145 23 136 5 49 147 126 56 69 103 107 88 12 141 89 86 61 21 4 132 138 37 78 95 34 120 79 3 139 74 98 83 7 82 80 149 29 6 38 110 111 66 25 146 144 2 41 148 36 39 10 20 135 112 127 140 
143 74 97 53 139 63 23 13 120 138 41 104 69 47 109 35 73 1 101 124 43 87 54 140 92 64 83 99 34 145 126 45 6 147 15 128 129 122 142 135 24 133 52 76 91 16 79 93 105 28 80 0 90 100 56 37 17 18 81 36 60 29 22 3 130 96 21 141 108 111 72 70 71 88 107 25 31 144 4 103 48 134 32 86 116 102 40 49 75 118 66 39 112 114 115 110 50 89 136 117 19 82 84 44 148 146 51 95 11 59 8 9 20 68 94 33 106 12 137 125 127 27 42 7 123 121 113 85 10 62 65 78 132 38 61 14 30 55 46 26 149 131 58 98 2 119 57 77 67 5 
36 9 45 147 39 67 90 132 91 130 115 51 58 4 72 140 103 87 116 11 144 77 134 149 86 40 76 14 117 136 27 12 110 23 61 18 104 137 133 25 106 119 79 135 84 109 46 78 100 55 69 1 5 139 64 15 57 59 8 93 111 120 34 49 122 54 102 6 3 118 114 131 125 127 50 81 108 82 126 145 66 35 88 124 47 80 68 30 0 143 17 74 128 123 70 24 33 138 101 42 129 97 22 10 48 32 43 141 28 26 121 21 16 98 38 83 62 63 146 20 19 13 2 99 60 105 94 53 107 56 41 52 89 31 75 29 44 92 37 95 85 112 7 142 71 73 96 113 65 148 
99 73 55 47 58 13 23 115 28 29 75 0 95 8 142 12 108 5 110 65 114 124 6 140 131 24 120 68 66 35 26 125 79 11 25 41 42 61 143 129 10 87 40 128 113 49 98 69 106 119 89 118 31 9 86 45 27 37 147 85 132 19 91 16 1 80 51 72 3 71 36 59 32 139 18 67 2 122 92 135 88 78 38 17 83 57 48 20 21 101 46 130 105 64 146 33 138 141 84 82 81 97 50 34 148 62 53 56 94 136 76 126 104 109 96 144 116 117 63 149 103 77 39 112 100 22 111 121 44 133 134 54 30 52 4 107 127 60 14 70 74 43 15 90 7 137 123 145 93 102 
13 15 4 8 121 106 104 21 6 81 118 38 114 131 137 7 128 89 136 10 22 3 147 87 119 127 58 141 109 148 94 30 64 145 68 129 75 140 123 138 144 29 41 34 97 57 78 100 5 67 27 9 134 2 54 47 146 108 143 139 77 149 110 66 70 99 17 84 48 16 132 113 46 135 65 24 85 79 37 115 86 39 32 36 52 117 96 95 35 53 133 126 124 80 19 76 83 88 112 43 69 18 107 42 51 14 0 63 45 116 62 92 122 82 90 101 73 49 72 93 60 1 26 25 55 20 105 71 23 50 44 102 59 74 11 120 111 103 28 61 56 33 40 130 31 12 98 142 125 91 
124 146 74 82 17 109 59 9 64 55 68 73 114 40 48 29 38 47 36 43 52 60 85 145 93 98 61 96 24 103 13 108 139 138 143 34 149 57 15 69 97 44 42 66 142 133 100 127 148 79 99 16 14 56 135 28 67 2 65 132 129 22 110 140 87 10 4 72 50 33 121 71 120 8 122 102 76 130 107 1 11 63 46 119 134 7 86 118 78 51 90 54 0 94 95 80 27 105 104 136 115 23 6 30 21 45 5 113 12 77 37 26 75 89 111 126 32 91 84 92 35 83 116 62 81 128 101 58 123 131 125 144 53 39 147 137 49 20 70 41 141 25 88 3 106 112 19 31 18 117 
12 72 73 23 9 114 29 2 21 142 122 124 140 113 26 107 147 132 118 85 87 102 10 55 82 97 1 63 126 89 52 106 92 88 145 5 123 42 59 139 25 51 93 149 110 14 44 36 53 94 75 116 8 69 99 137 22 50 135 136 18 90 62 27 83 39 104 77 16 40 57 81 54 117 31 13 127 64 35 119 3 95 41 60 121 105 86 98 148 15 103 30 56 146 17 58 33 48 91 37 138 67 108 128 49 32 125 71 19 46 129 68 28 100 109 11 78 111 76 43 80 61 133 66 143 0 96 4 45 70 7 112 130 79 74 115 131 47 6 24 65 134 120 101 34 84 20 38 144 141 
21 31 131 28 12 110 95 67 75 101 60 115 59 87 83 132 107 9 8 74 25 82 93 91 70 124 120 90 68 69 41 10 18 53 142 135 140 123 108 72 113 98 58 81 137 50 126 48 26 29 24 86 43 44 139 16 20 33 112 99 127 104 144 125 30 76 85 134 92 15 133 129 78 105 138 130 51 0 19 39 56 45 97 141 4 27 96 23 73 6 143 13 61 66 52 32 38 116 117 103 47 114 84 71 122 102 55 77 37 34 63 109 145 2 22 94 89 1 136 64 149 35 3 106 57 5 49 11 148 17 118 147 128 40 119 36 46 121 54 79 14 62 42 65 80 111 88 100 146 7 
62 18 56 72 45 127 12 25 80 104 134 41 147 28 67 138 103 100 129 95 53 135 93 140 22 116 31 71 60 126 33 92 117 148 64 118 78 58 149 48 10 77 145 87 102 69 52 57 133 39 123 26 98 83 91 112 122 29 74 32 84 8 99 73 3 113 46 79 23 107 19 97 43 109 108 105 17 114 55 11 9 82 15 136 119 111 130 106 142 37 2 16 13 63 125 49 65 88 121 7 51 85 59 36 89 38 86 96 124 27 4 24 66 54 143 139 61 76 146 30 90 47 6 50 70 131 94 1 115 21 81 20 0 68 144 128 40 132 44 137 120 35 14 42 75 101 5 141 110 34 
115 57 104 38 27 142 66 29 25 101 41 99 92 26 139 97 54 64 112 76 72 96 116 15 114 49 122 4 106 127 63 130 110 98 13 36 65 109 0 24 23 37 124 141 60 69 121 126 2 117 50 28 10 132 3 35 148 55 83 82 87 59 111 118 5 61 85 102 108 30 7 144 89 75 20 58 120 33 22 119 48 123 8 12 135 125 21 71 105 52 145 62 113 73 77 17 43 91 51 32 136 53 34 79 78 44 100 93 45 68 39 80 42 95 74 138 18 94 128 137 129 86 84 146 149 19 11 14 103 16 90 88 140 9 107 40 6 31 134 133 47 70 46 67 81 131 1 147 56 143 
64 148 61 1 68 50 59 125 104 13 99 112 56 142 116 8 38 92 39 2 41 45 89 31 49 18 42 80 84 27 0 48 81 121 75 73 109 29 101 55 71 51 93 65 97 53 22 90 102 128 77 24 126 69 57 131 40 60 85 67 66 122 145 20 9 115 118 32 120 62 98 147 87 10 94 54 106 123 7 82 86 130 146 58 119 79 132 136 72 138 15 124 141 11 3 133 95 16 43 26 135 144 143 70 35 33 19 78 88 108 127 36 4 17 103 30 12 100 5 149 105 28 140 37 83 21 96 91 113 14 74 129 6 110 139 46 44 107 25 63 34 134 114 137 76 117 47 52 23 111 
68 113 147 107 27 103 125 140 28 108 43 60 135 36 142 144 67 85 62 37 122 146 104 84 65 130 53 80 14 48 136 149 32 24 94 40 16 123 105 133 138 22 66 88 42 76 109 8 112 56 101 95 39 10 9 83 26 55 148 23 13 41 127 128 2 71 87 15 82 70 96 86 120 3 5 54 18 139 29 143 91 34 119 21 114 115 78 61 51 131 38 6 98 69 132 49 73 64 74 45 99 111 90 81 47 20 89 137 75 141 124 0 46 7 31 11 93 1 57 118 52 79 12 17 117 129 35 58 63 92 77 97 44 59 134 33 4 25 116 102 72 19 145 30 121 126 100 106 50 110 
50 129 68 146 72 96 53 25 6 16 91 21 144 149 101 44 61 139 64 30 106 147 8 137 69 13 131 26 97 70 130 140 76 63 84 107 45 117 5 126 85 60 65 124 34 92 14 148 49 4 37 111 36 20 82 123 103 134 28 142 143 24 32 77 141 71 133 73 83 57 0 59 94 75 90 22 119 136 33 15 66 67 10 3 46 18 115 31 99 120 118 7 58 23 80 39 79 128 43 47 52 74 9 105 48 110 108 121 12 87 113 35 62 17 138 78 2 109 89 122 132 95 100 93 11 145 88 86 54 56 42 27 55 81 19 40 125 38 98 127 114 41 102 29 135 1 112 116 51 104 
129 55 53 70 105 141 41 33 62 5 31 1 78 79 11 65 144 35 139 122 89 85 120 117 75 51 77 95 103 87 98 76 96 38 68 88 42 118 108 63 43 146 23 123 145 16 142 133 54 28 36 2 18 147 60 48 24 30 8 4 131 13 58 72 26 22 140 7 93 124 45 80 90 132 91 67 149 61 6 74 127 106 9 128 86 25 20 46 121 37 17 100 50 99 114 130 27 34 57 109 39 94 10 135 14 40 104 107 126 59 66 52 97 19 83 143 49 32 56 112 101 82 138 3 134 29 116 71 0 119 137 47 44 84 69 110 92 12 113 136 111 64 21 102 81 148 73 115 125 15 
88 117 87 4 43 93 83 147 13 9 89 101 49 28 71 130 25 70 36 68 39 52 131 145 106 17 109 2 133 37 42 123 63 23 105 16 59 136 21 35 143 102 90 111 149 137 40 94 7 31 65 55 139 103 80 32 67 128 8 138 120 84 44 75 33 141 140 92 38 57 22 118 50 24 96 132 76 91 86 107 134 26 148 95 48 74 5 6 104 20 15 81 121 100 99 34 112 115 113 82 114 29 72 116 3 135 124 73 19 97 58 85 108 127 79 129 12 144 62 27 126 14 146 53 77 10 45 1 78 18 142 66 56 47 51 41 60 54 0 125 122 119 69 61 30 46 64 110 98 11 
43 130 92 20 53 19 60 16 147 143 50 132 109 57 29 94 49 114 127 23 103 13 149 51 146 33 75 69 86 112 104 136 88 59 38 46 41 125 58 47 64 102 25 110 44 106 61 22 10 139 70 121 93 26 123 1 138 133 17 84 74 40 148 27 108 137 126 80 82 21 8 81 105 42 144 65 72 7 78 79 66 99 101 122 145 52 62 134 6 98 54 15 0 37 89 35 34 116 2 55 73 115 28 36 56 48 96 141 4 18 131 11 3 5 97 85 76 71 120 14 113 87 124 142 31 24 90 12 91 68 30 63 45 9 77 128 111 118 117 32 100 107 119 95 129 83 67 135 39 140 
99 37 3 36 147 116 66 85 61 140 131 135 102 124 62 41 16 1 144 74 19 103 92 136 56 115 129 127 10 104 15 82 25 46 17 58 123 0 20 84 107 24 8 32 2 42 28 69 34 7 95 35 49 79 88 48 98 43 81 5 87 76 18 134 110 26 125 148 30 111 117 112 109 119 146 80 53 142 27 52 63 39 68 54 96 11 14 23 86 137 38 50 40 73 55 93 130 33 138 128 75 145 122 22 78 91 132 47 114 94 101 31 90 100 71 65 89 21 51 97 126 9 6 139 143 121 57 120 29 4 83 59 133 64 12 45 13 70 77 141 72 149 44 67 108 118 106 60 105 113 
92 125 138 97 148 107 131 142 86 100 25 74 73 69 42 65 110 9 51 78 134 87 127 146 140 45 55 82 95 24 72 13 2 12 126 19 77 121 66 141 113 84 32 70 8 68 85 75 15 60 47 7 103 1 37 143 20 130 129 123 40 79 76 41 122 124 114 91 26 96 50 93 27 149 108 14 39 52 23 133 102 115 43 119 99 61 16 38 31 67 105 53 54 36 17 62 49 10 83 94 116 132 44 112 89 57 128 106 48 118 111 90 46 35 64 21 11 6 4 144 120 136 63 28 5 145 98 81 88 135 59 0 109 22 58 29 101 71 3 30 56 117 147 80 34 137 33 104 18 139 
94 30 80 27 51 17 90 143 41 81 14 116 28 24 18 142 108 3 63 6 106 140 113 131 26 64 98 101 45 68 122 118 54 60 99 22 97 56 139 149 111 23 39 0 16 91 129 75 55 38 125 10 117 57 9 69 93 58 47 29 7 146 110 46 86 4 109 123 8 5 1 79 13 36 25 44 12 119 121 89 71 67 52 83 74 62 19 132 35 40 42 136 73 115 135 53 126 72 102 137 130 107 32 96 31 82 84 66 21 103 85 105 15 100 59 61 145 70 138 87 127 148 20 144 128 43 141 48 88 49 2 33 50 124 65 147 37 77 76 95 114 104 92 133 134 112 11 34 120 78 
8 7 117 109 19 85 99 71 75 82 93 132 125 18 135 77 149 11 60 147 130 9 45 34 107 36 129 104 89 42 118 122 64 15 141 148 102 137 54 95 133 120 43 33 142 66 105 6 32 123 3 1 127 136 128 10 76 61 101 111 4 86 134 23 39 92 59 28 124 140 41 73 14 46 50 108 24 62 65 52 5 88 97 56 81 106 70 79 37 143 12 53 30 100 144 78 112 55 2 35 146 72 67 22 47 44 20 91 58 80 0 116 69 145 126 48 87 138 113 114 38 25 40 110 63 90 57 119 94 83 68 16 26 29 51 27 103 17 115 98 139 31 21 131 13 96 121 49 84 74 
77 114 107 63 106 131 48 64 85 128 58 99 119 36 6 104 52 34 124 37 7 109 79 110 121 32 139 144 141 62 30 13 3 86 29 116 1 67 11 73 33 51 47 90 16 133 120 35 101 43 31 20 103 49 54 0 69 135 105 115 145 117 81 113 76 26 112 148 137 39 146 89 78 4 92 96 72 70 61 56 126 9 23 12 15 42 143 91 19 17 28 95 75 66 21 38 149 93 98 134 25 142 138 14 130 100 102 122 68 88 123 108 83 127 59 111 140 41 132 136 80 27 84 60 74 147 2 65 50 45 118 24 8 57 53 40 44 97 87 71 55 18 94 46 82 5 10 125 129 22 
109 58 146 0 143 96 46 67 128 30 76 104 113 56 54 3 136 93 68 8 114 86 12 53 79 80 124 29 17 11 74 108 64 131 21 44 6 82 5 55 122 106 63 119 123 134 39 83 105 48 19 120 61 85 9 47 34 78 116 10 98 1 92 42 16 90 13 20 22 14 73 132 138 121 89 43 32 23 75 125 91 140 149 110 70 41 141 27 144 33 130 94 40 97 59 117 126 142 4 112 107 100 111 115 127 103 129 139 88 7 147 133 37 35 102 65 81 50 52 60 24 62 2 71 66 145 51 18 15 84 135 137 77 148 72 69 26 118 38 45 101 99 36 25 95 87 49 28 31 57 
130 63 53 70 42 61 89 128 138 55 84 101 66 142 16 33 54 20 22 125 146 92 77 52 17 7 98 59 31 34 108 2 13 117 80 21 104 148 144 87 35 25 0 28 90 109 94 32 75 99 127 93 110 126 82 30 71 140 51 118 115 103 147 14 107 56 6 69 26 47 15 97 129 74 40 102 143 122 1 91 8 133 119 95 45 44 3 76 86 11 49 112 136 37 68 41 4 27 83 141 10 9 113 73 48 137 132 5 29 123 111 43 85 88 149 139 64 58 106 121 134 65 23 50 124 67 100 78 38 46 18 116 96 114 60 79 39 62 72 12 145 57 24 135 19 131 81 36 105 120 
120 37 57 73 76 56 17 83 143 48 61 90 121 43 34 6 98 117 132 8 51 124 149 94 5 60 46 144 41 66 35 2 54 47 42 123 141 64 115 50 63 11 71 36 110 89 104 131 107 116 7 45 18 127 140 14 134 135 129 77 91 49 136 29 147 16 111 81 40 148 67 62 105 53 84 146 39 125 138 20 26 114 12 96 128 44 122 15 92 102 87 21 38 74 31 99 142 97 52 82 23 72 101 112 28 1 9 95 145 69 108 33 68 27 0 10 58 75 139 70 106 119 103 30 118 22 55 88 80 59 137 109 13 65 85 133 113 25 78 32 79 93 100 126 86 4 24 130 19 3 
34 59 99 12 58 122 30 65 111 72 56 31 92 147 62 73 133 146 71 51 32 57 83 8 95 10 88 136 52 70 108 27 40 103 43 19 140 98 33 21 5 141 63 96 13 17 7 60 24 84 143 50 129 139 38 16 130 87 119 148 67 41 49 55 54 64 142 101 113 1 26 80 134 137 36 115 68 9 78 125 11 2 105 23 4 81 48 69 29 22 45 138 39 44 124 53 90 118 91 131 18 74 86 135 127 106 132 77 37 14 123 15 128 25 110 120 116 112 97 6 102 145 28 47 149 104 107 89 76 46 114 0 94 93 3 100 79 66 42 121 126 20 109 144 61 82 85 35 75 117 
46 4 28 92 37 63 57 123 101 97 142 62 8 3 50 79 47 13 137 64 75 111 122 119 141 114 84 45 125 7 98 2 109 128 146 107 148 68 14 61 65 139 87 144 140 0 117 100 85 38 105 31 71 120 39 12 110 48 49 129 134 143 77 149 82 24 35 93 66 113 74 23 106 27 5 69 19 26 60 11 51 53 91 112 88 22 70 135 21 102 138 86 83 43 32 40 44 115 67 33 36 90 55 72 116 9 108 1 124 6 15 34 78 99 20 17 73 30 58 81 131 132 104 126 96 80 94 147 95 29 127 136 16 56 41 10 59 118 52 76 103 121 42 25 18 89 133 54 130 145 
116 124 27 115 52 136 84 141 68 18 19 122 86 113 66 103 108 45 50 140 62 36 21 138 6 117 1 93 132 98 129 74 76 90 57 5 100 135 87 92 88 123 48 41 109 94 22 69 101 118 37 55 30 144 53 105 99 134 16 71 85 63 2 64 7 51 146 120 112 79 0 78 40 29 89 56 43 32 125 145 111 102 9 95 31 12 14 8 35 25 17 131 114 10 70 44 24 121 54 96 59 67 107 148 80 26 23 81 60 137 46 75 82 42 97 15 147 77 106 133 83 149 58 11 127 20 47 65 34 4 143 39 28 110 73 104 33 3 49 128 61 119 130 139 38 72 126 91 142 13 
118 14 85 5 68 110 56 103 97 33 87 115 7 73 2 3 38 51 130 148 26 133 23 82 86 80 132 112 16 106 25 89 93 109 88 70 92 101 94 34 52 90 76 131 117 20 126 37 6 139 10 58 54 96 124 28 123 100 61 74 136 11 63 21 84 53 22 116 31 44 24 62 46 67 137 79 111 77 17 4 57 91 127 141 8 78 69 98 145 15 142 113 107 50 18 104 27 99 75 45 129 9 43 128 81 13 40 121 147 39 47 1 144 30 64 108 49 29 32 138 42 35 149 102 0 95 134 48 146 19 12 72 59 114 119 71 135 125 36 55 122 60 140 83 65 120 105 41 143 66 
28 84 113 68 129 19 126 40 16 78 131 103 89 121 54 21 86 132 53 0 112 93 6 83 20 23 55 120 65 7 39 88 137 144 123 64 105 99 46 12 60 124 57 146 104 127 47 74 81 148 5 114 102 115 30 50 96 10 22 149 138 98 85 41 111 33 3 13 141 128 61 45 100 147 134 70 8 62 9 69 31 145 92 48 32 118 122 36 94 97 37 90 82 72 25 26 1 110 42 63 2 133 58 24 143 142 108 67 34 91 52 43 49 44 4 27 116 18 56 87 35 125 75 139 11 66 101 135 51 136 73 76 79 106 117 29 77 71 15 95 119 107 140 80 130 14 109 59 17 38 
110 148 149 120 18 123 7 60 115 19 80 23 72 52 37 144 1 133 84 88 57 27 108 30 61 56 76 103 100 124 3 93 134 0 43 24 141 51 85 34 26 95 44 22 82 83 98 131 113 58 45 42 125 139 53 87 104 67 90 130 73 48 54 78 70 97 94 5 16 40 140 121 128 91 39 89 71 41 119 46 114 59 14 79 4 13 99 129 135 143 63 68 105 25 111 106 29 33 136 74 11 35 92 138 15 28 96 31 75 10 137 126 62 145 32 116 50 146 38 65 107 112 117 36 21 9 77 12 81 66 86 17 127 49 142 64 55 47 8 118 2 132 69 109 102 122 147 20 6 101 
128 121 92 18 139 120 69 72 42 30 40 86 87 112 82 67 66 79 142 80 0 37 99 96 11 21 43 134 24 12 53 148 117 100 56 144 64 127 93 9 133 4 85 5 145 126 31 102 65 62 34 118 44 58 71 39 105 2 138 97 89 38 131 70 147 46 36 141 83 78 60 115 104 94 41 130 15 26 59 19 98 137 49 135 54 110 108 23 28 84 27 132 73 7 91 103 1 122 14 61 109 50 32 13 51 114 116 63 10 76 45 6 125 143 123 55 74 17 29 106 140 68 81 75 111 136 47 107 129 77 90 8 16 48 124 22 3 119 113 88 101 95 146 25 33 57 52 20 35 149 
130 11 123 50 51 83 40 113 147 140 102 5 65 52 139 131 34 144 118 107 89 93 104 86 73 112 120 149 70 32 67 141 101 124 100 8 114 90 137 2 29 37 103 4 38 39 23 94 43 30 84 148 17 106 98 68 87 78 80 19 55 60 62 129 111 134 126 28 31 44 45 3 71 54 72 138 36 33 15 88 75 66 99 16 42 77 49 63 64 115 97 96 24 128 69 10 109 48 13 41 57 133 46 59 91 110 9 56 85 79 135 142 6 20 0 21 132 58 35 74 53 82 14 27 92 136 105 76 25 117 81 127 143 116 26 122 1 121 145 95 119 7 47 12 61 108 125 146 18 22 
77 34 43 7 116 72 92 74 104 10 101 128 29 58 122 53 35 93 38 33 76 32 28 118 48 68 6 47 134 138 98 149 73 115 19 21 52 82 36 54 107 146 67 24 137 119 139 86 87 71 16 147 120 88 18 44 136 117 84 95 113 59 63 148 49 145 62 64 144 25 97 129 0 17 1 124 130 27 41 26 106 15 83 90 125 75 108 4 80 102 11 5 100 123 81 23 85 141 69 31 3 55 99 132 127 61 112 8 45 109 46 40 105 126 57 143 131 79 111 22 121 103 50 60 140 70 37 96 20 114 110 89 66 2 133 30 39 65 78 9 142 94 13 135 56 42 51 14 91 12 
1 107 77 106 98 79 18 41 101 132 43 11 35 13 144 60 7 99 143 118 42 120 146 131 137 110 6 96 69 125 67 37 39 9 126 141 140 23 33 5 70 119 136 130 36 129 59 124 15 145 4 58 121 83 3 135 91 97 31 142 56 88 74 50 128 147 76 38 54 22 84 16 94 61 8 64 32 66 12 21 138 139 115 113 26 2 100 40 10 123 68 46 78 44 72 148 19 0 102 75 86 134 105 92 51 62 108 48 45 65 116 90 34 52 53 81 85 24 28 82 114 25 80 20 117 49 47 17 73 109 71 149 103 133 111 122 63 27 14 55 127 57 104 29 112 95 87 93 30 89 
82 27 138 15 45 75 42 92 19 145 44 124 61 7 32 2 149 91 28 3 136 10 43 22 30 29 21 37 51 134 89 65 46 100 148 146 117 56 25 109 41 35 50 5 26 16 38 147 71 11 97 85 63 78 9 74 23 60 88 31 18 127 120 52 87 59 143 12 72 132 68 40 47 84 4 81 36 128 103 69 49 94 39 116 113 66 1 73 139 129 101 114 106 123 55 80 62 133 110 14 67 86 54 8 58 76 118 108 142 137 96 125 98 140 141 90 119 20 135 107 6 17 115 93 111 130 112 131 53 95 79 33 0 105 13 77 144 57 70 102 64 121 48 99 126 83 34 122 104 24 
74 10 140 48 110 83 26 31 96 113 0 53 94 46 44 107 29 41 137 85 72 127 66 33 75 18 12 97 65 32 80 51 103 35 3 14 55 61 24 81 141 27 6 79 7 8 87 69 68 100 16 108 56 19 39 60 135 109 143 25 123 118 82 17 1 147 149 142 9 125 23 76 37 111 104 62 36 132 133 106 130 102 114 70 105 54 67 34 47 28 95 144 146 21 90 77 121 124 30 99 45 71 91 93 52 116 136 4 119 49 15 59 88 138 58 134 40 89 78 22 84 11 98 139 101 20 42 148 112 128 73 64 120 38 92 145 2 126 43 86 50 115 129 122 131 63 5 117 57 13 
40 112 9 141 109 114 104 12 18 5 65 133 110 1 136 129 132 139 134 63 47 91 29 41 115 99 102 137 7 120 52 88 113 55 31 86 100 148 111 37 51 16 75 87 93 21 77 147 76 79 103 48 95 15 123 45 92 2 78 124 42 30 119 85 59 105 38 89 49 82 17 46 60 121 10 44 140 22 36 67 26 25 74 135 11 144 19 28 24 69 58 146 64 90 149 66 32 108 70 14 27 39 143 145 72 68 61 71 142 138 54 97 73 56 131 0 20 50 116 43 107 94 84 8 23 83 33 3 128 118 130 106 117 35 62 122 53 81 96 34 4 101 13 57 98 125 80 126 6 127 
25 97 88 26 135 72 96 146 132 77 81 95 80 18 17 51 106 69 64 16 140 144 122 109 115 49 56 108 76 116 8 92 123 15 85 3 9 129 54 112 105 127 114 28 125 4 47 11 58 101 10 43 30 21 27 41 147 104 124 139 45 137 126 62 102 90 61 130 5 0 68 71 74 40 33 24 34 145 83 60 103 107 67 138 36 142 22 1 78 119 35 94 149 89 93 134 100 32 44 111 48 12 133 50 13 131 65 143 141 73 52 136 29 6 59 113 66 128 118 86 82 14 38 121 120 23 117 46 63 7 37 99 20 31 84 42 87 39 75 79 19 148 91 70 57 110 53 98 2 55 
111 122 56 131 104 47 2 92 142 117 83 28 105 114 58 51 63 146 4 30 74 42 87 143 85 41 88 106 100 60 139 130 33 67 103 121 84 90 66 82 140 81 135 75 11 80 61 120 21 144 54 43 129 50 126 17 102 48 19 44 108 109 45 62 112 37 76 55 24 148 128 107 123 97 40 147 25 70 38 65 8 46 35 31 13 0 69 125 32 96 124 77 18 14 36 16 115 3 113 27 141 29 119 78 22 132 134 110 68 64 5 9 59 101 1 99 136 95 79 20 149 72 26 71 49 86 7 116 91 52 12 145 23 73 98 57 93 39 6 10 133 127 89 138 53 15 34 94 137 118 
10 42 102 72 8 14 16 143 85 31 47 73 34 78 43 111 96 87 65 24 66 5 35 82 145 126 13 27 120 140 25 64 63 20 11 77 58 29 146 74 100 7 62 110 95 107 57 127 44 91 133 48 51 61 76 55 135 36 83 149 93 0 81 118 141 101 148 98 138 122 45 21 136 86 33 68 52 37 114 119 80 4 103 60 32 49 56 67 70 132 79 115 139 46 144 50 131 26 17 40 117 12 41 90 128 30 18 125 84 71 54 89 69 105 112 38 28 137 22 2 113 92 88 23 134 108 142 19 104 3 106 109 124 9 75 6 121 99 1 129 59 97 39 15 123 130 147 116 94 53 
58 102 104 6 108 135 114 33 113 134 106 149 42 94 68 48 77 98 67 8 44 23 12 1 62 122 41 144 71 73 15 97 121 53 38 92 57 17 107 146 130 70 147 126 54 87 103 30 88 82 93 19 148 90 85 3 65 40 81 137 127 120 31 61 111 99 83 79 10 7 25 49 52 26 128 74 0 50 139 78 119 84 45 80 118 140 35 56 36 66 75 109 39 105 64 96 28 129 86 117 43 143 46 142 47 13 115 9 5 69 145 125 51 76 100 11 34 21 89 32 72 16 112 136 55 138 116 18 91 59 20 131 132 101 60 29 2 14 110 4 95 22 24 63 133 27 123 141 124 37 
15 122 85 133 108 58 55 45 105 128 92 44 0 36 37 9 7 79 120 51 141 13 29 1 6 32 126 93 118 78 107 49 144 139 72 54 22 98 31 17 97 104 20 87 86 121 100 3 8 80 66 89 148 147 56 132 102 39 61 75 33 48 88 90 10 42 134 47 68 57 16 127 142 116 40 28 91 136 130 26 138 96 12 50 35 84 83 113 70 34 38 62 99 67 4 60 103 19 23 64 145 135 140 106 81 101 115 109 124 43 21 14 73 18 94 137 111 123 69 71 52 65 112 149 24 146 25 129 110 30 5 27 46 2 125 11 82 76 74 114 63 77 53 59 119 41 117 143 131 95 
95 89 78 100 15 88 43 117 147 33 136 48 122 54 108 111 45 63 1 145 126 56 119 101 123 134 41 24 77 26 64 31 86 19 6 87 9 53 83 35 109 30 3 149 47 98 127 142 105 61 52 115 114 102 106 91 144 28 79 10 85 4 137 37 103 138 74 92 69 112 27 14 94 116 110 65 42 38 25 139 140 120 104 125 50 44 23 20 39 131 51 71 99 40 22 8 75 5 60 133 2 93 146 55 11 16 148 143 84 80 68 34 66 67 135 96 17 36 82 90 49 121 13 130 76 12 107 128 57 72 58 97 18 21 124 29 7 132 0 73 129 70 59 46 118 32 141 113 81 62 
129 128 98 94 41 120 86 122 43 24 9 127 11 104 116 99 21 52 113 79 33 31 85 49 105 51 148 36 39 13 135 14 147 118 20 22 19 4 64 72 6 146 76 115 5 132 55 109 12 61 145 58 67 110 141 3 83 60 40 121 87 117 53 111 130 90 138 80 38 66 124 25 35 139 34 17 108 143 10 133 126 95 47 73 2 32 142 77 93 37 26 89 68 81 0 45 125 74 70 50 91 102 28 107 71 92 27 46 103 119 134 23 149 69 96 15 18 114 131 82 84 112 144 137 62 78 8 75 123 16 100 97 29 136 42 140 57 101 106 56 63 48 30 44 65 54 88 7 59 1 
81 104 32 110 113 140 75 122 2 62 70 97 127 101 92 39 68 11 145 82 71 120 116 129 7 133 21 51 93 106 14 46 90 114 44 48 108 37 27 102 105 34 149 52 56 100 15 78 24 13 115 85 94 66 33 119 87 125 29 20 64 124 99 72 96 118 53 135 130 9 55 41 143 16 112 134 88 80 147 38 19 144 76 31 0 117 95 50 148 128 83 91 6 57 132 107 98 86 54 131 1 43 84 25 138 42 36 136 109 59 22 30 12 79 111 74 69 47 142 63 139 23 103 58 40 141 146 137 45 73 26 121 126 10 61 35 5 65 123 28 89 67 49 18 4 3 77 8 17 60 
62 10 64 47 51 101 123 89 59 79 125 134 23 112 65 11 20 149 80 92 28 85 69 121 146 144 114 70 14 105 30 8 136 113 120 12 43 0 106 126 1 72 63 124 98 87 83 148 19 130 109 122 76 24 16 68 58 142 4 60 38 117 39 27 81 111 143 133 34 90 145 138 6 95 5 100 73 129 118 103 44 37 97 54 110 35 66 108 104 55 50 137 67 57 91 41 78 93 128 75 107 140 115 119 3 15 84 141 18 48 102 36 9 25 147 131 74 29 21 132 86 7 31 116 53 49 56 61 40 46 127 71 42 135 17 45 99 33 26 52 139 96 88 2 22 77 82 94 13 32 
24 3 57 43 97 38 27 146 92 31 21 40 67 121 77 8 89 136 10 103 44 9 141 106 137 119 45 69 118 37 65 122 64 14 99 94 140 1 12 104 34 98 116 85 95 100 123 41 54 105 60 52 76 62 36 115 107 149 130 15 102 32 5 126 147 4 48 11 53 49 73 17 124 33 39 127 142 28 114 131 87 120 7 93 13 113 86 51 88 20 148 66 58 143 138 22 96 109 74 61 72 117 23 91 0 81 26 83 30 101 46 78 2 108 6 132 79 80 56 144 134 70 82 133 18 139 35 47 145 63 50 125 90 59 19 55 110 25 112 75 71 29 129 111 128 135 84 68 42 16 
81 139 74 56 61 85 90 1 128 66 17 98 124 80 148 79 36 8 99 12 122 125 14 133 104 75 37 110 83 116 114 0 140 93 65 34 87 32 134 64 9 142 129 59 29 137 24 144 147 5 26 21 19 73 100 35 111 10 68 53 22 71 132 76 102 16 31 52 117 4 67 109 47 3 46 135 50 25 138 54 141 121 72 27 48 55 123 101 106 78 143 62 108 136 77 89 44 149 126 51 97 40 86 94 43 23 33 118 11 82 18 39 7 42 30 6 130 131 28 107 127 84 113 63 88 95 41 70 112 69 20 119 91 45 145 49 57 115 15 13 2 38 92 96 146 103 120 105 60 58 
69 4 86 5 87 84 70 109 63 3 130 59 102 12 32 31 120 88 107 35 16 37 0 80 41 2 92 56 110 112 52 71 95 134 144 73 93 143 9 138 7 45 55 11 75 8 129 96 13 147 33 108 39 83 128 61 82 117 91 14 100 97 64 23 115 36 125 46 42 118 124 78 81 62 60 40 53 141 26 139 148 29 20 34 1 77 135 101 119 122 67 76 136 28 27 132 98 140 105 103 43 126 85 47 22 65 121 18 131 49 74 149 94 72 6 111 89 123 30 142 114 25 68 17 15 57 44 58 90 127 99 38 48 51 66 113 79 19 145 137 106 54 21 104 116 133 50 24 10 146 
135 40 62 113 134 71 86 30 84 46 88 101 76 72 56 15 132 83 145 28 23 110 63 126 89 34 39 10 103 100 79 70 117 21 118 78 16 147 59 77 67 2 64 95 137 3 27 91 49 18 144 47 65 6 35 96 9 5 31 75 0 85 109 143 43 22 125 97 98 138 61 139 8 38 68 111 13 50 19 87 26 90 41 33 80 58 131 142 52 102 119 74 114 120 44 136 130 122 17 20 11 112 82 128 92 146 29 124 105 127 7 4 73 140 1 51 60 14 115 104 81 121 45 99 37 48 36 12 108 57 94 149 129 24 69 141 93 148 133 25 66 42 54 32 116 53 123 106 107 55 
61 96 42 8 125 71 75 99 89 84 127 86 18 41 37 19 126 137 17 46 9 109 77 110 13 82 118 2 39 32 38 144 24 43 26 128 83 73 51 35 134 112 14 147 33 142 122 52 124 92 129 114 123 68 88 95 50 67 59 44 106 28 101 22 45 91 54 136 0 21 87 16 93 103 116 47 70 57 30 3 40 139 85 90 98 104 121 143 64 81 148 36 56 138 97 80 113 34 94 53 105 78 74 76 140 25 48 133 102 135 11 107 117 141 108 60 49 10 6 119 130 29 63 23 131 120 55 62 58 5 31 72 149 100 15 115 79 20 69 145 132 111 7 27 146 4 65 1 66 12 
64 87 7 144 93 32 23 60 100 82 12 9 70 26 133 118 95 75 35 53 108 15 18 67 2 106 135 92 137 14 109 129 114 37 111 57 0 81 76 140 30 1 66 148 86 34 145 48 61 130 27 113 124 112 6 89 62 139 77 8 115 94 52 127 122 46 58 3 98 29 99 142 4 56 79 143 125 84 72 68 19 83 117 136 39 38 90 10 59 63 45 146 51 149 119 43 65 31 120 21 102 5 147 116 36 44 107 141 54 22 24 55 128 69 78 17 28 138 88 42 85 80 110 16 73 41 123 101 96 71 74 121 33 50 20 91 131 40 126 47 134 132 49 13 11 103 97 104 25 105 
141 110 125 16 0 105 100 94 145 9 22 131 88 120 31 33 90 127 53 4 44 79 81 136 96 67 77 48 149 41 135 71 95 13 108 14 83 91 17 107 142 134 111 61 59 144 124 47 60 1 103 46 57 84 32 99 128 42 89 68 2 37 126 20 39 25 76 78 123 69 92 97 52 28 51 130 26 114 11 87 45 72 6 74 121 23 143 117 138 137 98 109 140 34 18 65 146 27 102 139 5 54 122 19 82 113 55 132 10 73 133 80 119 129 85 63 118 70 106 49 21 8 66 101 12 24 62 30 56 38 116 35 104 115 3 75 36 50 43 147 7 86 29 58 112 40 148 15 93 64 
33 29 79 136 120 123 135 69 60 78 71 24 107 9 37 55 35 4 132 18 129 7 106 143 53 113 102 104 87 58 6 20 68 13 142 114 134 30 31 74 117 95 3 77 56 122 126 80 91 66 118 48 67 65 148 50 85 8 103 92 101 82 110 121 83 62 144 99 22 125 21 124 17 109 51 72 46 128 63 98 19 119 133 76 94 90 59 149 105 75 52 11 115 40 57 16 54 73 116 23 27 61 147 88 112 86 25 2 138 111 89 64 39 49 84 0 140 43 28 146 36 5 12 139 41 32 130 127 42 26 93 131 34 96 45 108 100 1 81 145 137 97 44 47 141 70 15 10 14 38 
114 11 143 91 27 142 14 22 132 36 119 61 123 77 125 37 83 24 4 99 87 9 120 127 149 47 63 41 57 80 44 43 28 76 128 56 49 102 5 53 135 42 34 8 64 124 60 32 90 51 30 115 45 52 89 29 145 23 19 21 79 88 111 10 70 131 68 107 81 92 112 58 71 6 66 25 147 73 46 101 38 121 85 26 134 15 74 16 95 148 0 69 136 84 104 67 129 113 33 118 72 18 117 39 82 59 55 65 7 137 17 109 138 96 12 31 50 35 108 93 144 126 146 105 97 103 94 2 106 116 100 20 122 86 48 13 133 40 54 141 139 62 98 75 110 1 130 3 78 140 
91 108 106 46 92 123 54 10 89 103 16 68 4 87 119 45 72 25 110 43 83 107 29 138 76 57 51 37 109 85 5 126 59 84 18 127 56 113 117 137 128 118 20 22 135 1 80 112 75 134 7 17 130 39 47 55 38 90 78 28 27 67 6 149 49 62 61 26 48 95 8 146 82 99 88 71 115 0 142 2 98 111 139 63 15 133 124 147 97 132 36 58 24 143 129 86 145 9 141 66 122 120 42 40 14 81 100 23 125 148 79 116 94 11 32 70 41 13 35 44 74 105 60 114 34 50 140 64 19 144 21 73 33 104 30 121 3 52 53 96 136 102 77 101 93 131 69 31 12 65 
80 131 92 104 84 132 89 32 124 120 41 24 5 13 37 22 64 27 95 28 146 43 58 36 113 4 7 60 51 45 122 88 125 78 128 53 72 1 86 142 11 83 115 123 102 74 144 136 121 82 112 30 75 126 63 76 117 106 68 79 59 119 116 18 66 145 52 94 107 148 103 90 35 44 149 130 38 77 71 70 129 62 91 69 101 14 20 140 2 42 39 46 16 138 97 17 118 93 143 56 105 127 8 139 100 61 111 34 48 98 3 10 65 29 21 50 9 110 135 12 147 141 114 49 15 54 40 133 25 0 81 85 33 87 73 67 19 109 99 47 6 96 31 137 23 57 55 26 108 134 
