152 100
128 81 65 77 125 82 27 84 94 111 140 87 135 126 92 4 147 51 142 89 114 30 58 36 133 3 69 46 0 101 42 48 31 117 56 130 33 107 146 119 105 73 55 80 93 28 134 64 11 17 86 6 112 7 97 63 2 141 19 118 13 109 151 127 103 18 70 85 66 90 25 60 59 62 148 95 98 49 37 9 54 26 53 116 43 71 67 149 91 8 108 131 104 40 21 102 24 99 138 41 121 12 68 32 144 72 106 52 74 150 5 44 1 100 83 75 132 76 137 22 143 15 45 29 96 34 120 23 115 35 47 124 88 20 110 78 57 122 113 136 50 79 145 14 38 139 129 123 61 10 16 39 
40 61 134 124 42 38 92 6 43 76 142 79 85 52 83 65 82 87 145 130 24 75 66 117 98 0 128 68 48 14 113 4 119 30 37 143 55 89 53 59 3 120 131 122 26 123 97 144 86 94 121 50 54 107 9 81 2 22 29 109 28 10 36 135 39 149 60 93 74 31 137 27 47 18 32 147 63 56 78 64 62 11 67 129 71 23 16 146 126 1 148 88 132 34 138 91 72 58 5 95 90 45 127 141 110 150 106 151 101 77 7 114 19 44 70 20 15 57 41 102 96 140 118 69 136 17 115 100 103 21 99 133 25 73 125 46 12 49 84 111 112 105 33 139 8 80 108 13 116 51 104 35 
70 146 24 92 73 87 90 40 37 10 136 89 147 16 69 107 85 33 17 98 25 55 29 4 102 52 38 66 67 97 128 100 7 110 22 54 65 106 117 88 39 141 113 49 79 118 116 86 143 103 93 3 75 125 30 124 0 44 122 6 47 48 28 58 13 59 127 5 64 34 63 142 46 114 36 109 43 148 57 139 78 137 138 130 74 12 35 132 115 84 83 15 140 62 11 2 50 26 1 94 31 108 56 18 144 95 99 9 53 23 131 81 14 133 76 42 126 27 20 145 80 119 134 72 150 51 149 96 111 60 120 8 104 61 21 151 129 123 68 82 32 135 41 91 71 112 19 121 105 45 77 101 
35 107 124 81 60 42 5 85 114 28 94 80 6 13 18 141 119 21 88 103 41 134 90 129 115 47 132 32 104 120 22 122 106 64 145 70 30 140 99 37 102 56 125 123 14 77 1 68 46 110 39 51 82 83 25 111 10 31 144 11 146 91 147 4 26 48 121 105 151 50 66 2 34 137 3 75 72 73 52 65 8 0 61 139 109 9 112 44 74 78 45 49 79 24 69 148 36 96 136 63 93 118 76 126 84 87 143 117 62 92 128 55 133 54 113 33 108 142 71 27 135 38 16 127 17 7 100 43 12 116 89 29 15 58 19 23 97 138 98 130 101 20 86 131 59 57 53 95 150 67 40 149 
52 28 7 54 9 86 56 116 6 30 64 21 16 2 105 99 109 111 57 61 38 144 8 13 148 60 112 84 53 88 19 113 150 18 35 33 0 87 102 130 138 83 71 39 40 66 139 133 147 136 120 126 49 123 41 43 15 108 106 23 97 95 117 85 69 132 5 92 75 62 46 45 10 14 81 1 50 82 103 149 145 65 125 20 58 90 101 79 4 80 121 134 91 114 32 122 96 17 27 89 110 26 141 73 127 140 31 100 51 128 47 135 63 29 124 118 119 98 77 93 137 129 151 25 48 142 104 78 55 44 3 76 70 59 42 68 34 36 11 24 37 131 72 143 94 146 74 67 22 107 12 115 
134 82 99 5 98 54 148 36 116 125 111 9 44 24 109 65 57 110 27 53 22 40 38 124 43 144 4 143 137 12 95 122 55 0 76 108 123 58 97 33 145 73 130 127 41 49 107 72 151 79 45 3 92 147 63 83 88 141 94 62 69 91 126 118 7 52 114 101 146 37 87 13 46 14 77 8 17 105 138 100 34 120 18 19 74 21 29 102 113 89 35 135 47 16 119 121 42 32 28 70 61 30 48 106 142 2 128 136 20 23 1 115 64 140 90 117 71 26 56 133 80 66 15 50 10 68 67 75 51 84 131 129 104 31 59 132 39 81 112 149 150 103 78 139 60 96 6 25 86 93 85 11 
92 144 84 32 44 98 74 46 33 62 83 108 119 134 66 94 99 101 116 10 95 120 113 24 4 18 31 77 147 76 102 55 80 129 68 26 151 23 38 52 17 29 93 1 69 64 72 100 139 137 63 70 107 45 37 42 149 128 11 43 110 75 54 51 20 131 47 97 123 103 86 25 91 122 14 40 117 132 58 71 87 141 133 15 34 59 126 127 146 124 148 130 61 114 112 150 53 135 19 138 73 49 81 0 57 142 16 96 9 78 6 2 82 3 89 41 104 140 109 90 115 30 88 145 118 60 12 56 105 22 36 50 8 35 21 85 48 28 136 121 27 106 39 67 111 7 65 13 5 79 143 125 
72 29 79 144 68 55 43 1 35 139 58 32 18 60 56 126 121 24 107 25 123 10 65 137 73 30 16 45 48 133 9 53 66 46 102 118 77 93 132 119 11 71 0 112 125 78 40 44 108 148 12 116 105 50 20 122 136 63 28 17 4 127 15 23 34 89 19 86 147 111 98 41 104 94 76 70 8 75 87 151 52 97 149 117 124 64 135 141 22 99 150 31 113 33 42 83 90 39 5 134 129 143 82 57 130 109 120 54 62 142 59 106 7 49 84 95 2 103 26 92 51 91 6 69 21 13 3 85 74 67 115 27 101 114 146 110 61 47 36 145 81 128 138 96 37 140 100 80 14 38 131 88 
124 113 69 139 63 26 80 52 138 20 128 37 100 131 16 67 7 81 134 132 151 75 54 144 1 44 112 4 19 3 8 47 103 109 6 90 22 142 86 72 38 104 94 23 73 116 141 15 28 129 110 31 24 99 10 98 51 133 39 136 49 95 118 59 36 143 60 137 127 11 122 130 85 111 30 32 57 2 89 92 62 21 66 149 43 96 70 147 121 0 106 48 27 102 148 74 25 114 50 45 40 107 83 5 61 17 145 105 41 93 115 108 34 35 77 33 12 120 97 101 65 56 53 126 13 68 150 119 14 88 42 82 117 9 79 78 140 29 91 58 55 125 64 46 87 135 146 18 76 84 123 71 
95 148 109 5 31 2 14 19 6 16 147 61 43 118 18 119 74 129 138 64 81 67 125 99 151 51 90 41 94 89 0 120 54 73 150 52 117 130 92 57 12 68 123 34 136 60 106 7 65 75 108 80 8 104 137 93 56 78 115 24 105 20 126 122 36 134 9 4 10 85 11 146 82 69 102 83 133 145 149 30 113 63 127 141 55 101 49 13 53 21 47 48 112 22 35 142 70 84 45 1 46 116 15 28 25 87 77 59 32 40 110 114 128 96 37 26 91 50 121 107 88 135 71 139 42 100 98 66 39 38 131 111 79 3 58 140 132 124 86 76 17 23 62 29 27 103 44 143 33 72 144 97 
139 8 95 66 2 26 53 122 46 43 136 70 25 10 41 126 92 59 39 106 77 50 105 28 21 151 81 14 85 101 18 37 114 90 115 148 123 57 36 96 142 93 17 82 149 55 131 127 65 16 48 117 7 11 80 13 102 58 94 97 62 60 87 12 3 68 63 44 79 71 140 129 22 86 110 98 146 69 40 47 84 112 88 51 9 128 125 91 64 144 145 49 103 20 6 111 124 4 89 38 34 78 32 54 67 120 45 56 75 113 5 141 119 73 135 130 83 1 116 107 61 23 143 109 150 132 121 138 72 74 35 30 76 52 99 0 134 108 137 31 33 118 104 42 133 100 27 147 19 29 24 15 
79 133 3 14 70 51 126 101 44 138 87 71 108 55 97 125 0 111 12 124 149 67 134 139 115 143 122 103 59 63 123 102 43 93 132 49 75 61 145 100 1 131 62 92 89 136 2 38 88 20 144 13 56 141 91 37 94 142 112 17 146 82 85 98 95 33 118 36 90 29 110 39 32 24 151 116 26 150 21 119 80 64 22 72 47 73 77 31 30 121 81 137 66 23 45 57 53 140 135 130 50 19 40 83 117 9 35 4 129 86 54 6 68 52 74 84 78 60 28 58 48 10 147 96 106 41 120 25 69 16 107 128 34 46 109 127 15 99 104 65 148 27 113 7 11 105 42 5 114 76 18 8 
138 64 77 119 133 56 9 91 109 79 134 47 4 104 88 82 107 60 137 6 50 22 93 63 20 101 1 69 90 123 111 147 34 116 97 145 18 32 33 84 100 71 13 127 103 131 105 15 8 44 66 130 94 19 124 29 148 113 54 151 35 12 112 7 117 62 43 72 144 41 40 61 98 149 115 86 5 36 73 114 121 31 52 108 26 128 75 92 57 95 106 16 38 126 28 142 59 39 89 24 83 48 74 45 136 27 23 99 2 0 49 110 25 102 129 85 30 21 132 141 55 120 14 42 81 143 51 87 53 122 65 70 150 125 3 139 58 96 78 135 118 67 11 10 37 80 146 46 68 76 140 17 
122 58 123 105 117 103 143 40 107 37 138 84 127 42 22 141 23 121 50 44 21 36 39 12 140 4 75 57 1 61 99 97 144 5 3 95 96 72 111 68 27 80 91 119 93 46 78 60 45 70 92 134 14 128 34 66 85 132 94 35 47 148 142 102 147 25 116 146 53 20 81 56 67 43 77 120 59 33 151 71 109 19 131 64 73 28 145 126 15 124 139 118 18 55 136 74 65 76 90 98 41 69 104 11 62 13 6 31 133 137 113 100 9 24 150 135 87 86 63 115 48 10 26 16 125 83 106 32 89 108 30 8 54 2 129 29 112 114 149 38 110 101 7 79 49 17 51 82 0 52 130 88 
40 106 33 142 129 3 149 36 64 96 100 71 127 116 44 120 119 15 16 58 132 77 50 54 95 75 69 117 19 28 136 90 105 62 115 60 145 53 70 118 22 55 80 109 138 25 38 98 83 45 84 0 43 94 35 92 91 63 30 76 144 140 78 67 20 31 102 88 41 51 14 46 151 111 27 47 139 79 146 97 128 10 8 73 99 81 107 122 13 17 37 82 125 34 148 113 74 141 110 56 61 12 137 85 93 39 1 134 130 135 42 29 26 2 68 108 48 133 18 123 5 49 9 89 72 11 66 131 124 59 6 112 147 87 4 104 121 150 114 7 52 103 21 65 24 143 101 57 23 86 126 32 
119 78 15 74 4 128 38 12 59 20 48 150 129 91 18 122 35 90 26 87 25 107 116 39 9 29 146 137 68 2 58 126 71 104 17 105 3 36 111 62 31 124 6 142 145 134 97 28 72 22 136 69 54 79 21 49 93 98 113 43 100 56 14 88 103 10 144 5 19 109 132 44 139 1 64 0 75 123 133 99 147 115 24 112 149 60 70 32 92 110 131 27 141 117 95 81 37 63 83 143 118 114 11 89 42 130 7 46 120 55 65 82 57 138 148 8 33 80 76 66 45 40 140 41 84 135 85 61 108 13 102 50 52 101 23 34 86 106 127 125 47 94 67 16 121 73 96 30 53 51 77 151 
142 124 75 18 56 55 80 59 48 83 96 97 49 108 82 39 68 110 44 141 65 22 132 43 61 40 123 15 84 38 95 134 33 36 13 130 93 139 57 102 72 6 117 67 70 7 111 136 76 10 47 34 37 119 64 30 91 2 25 81 131 52 148 53 120 146 8 11 143 4 150 116 129 26 32 107 12 151 69 90 103 94 126 71 23 24 128 1 29 9 125 62 19 74 0 98 104 127 135 45 58 50 147 85 66 106 109 14 118 100 87 138 5 17 63 79 42 144 140 112 105 133 145 41 20 31 86 54 51 3 99 114 137 28 88 27 115 121 122 60 73 16 89 101 149 21 113 35 78 77 46 92 
135 35 21 96 58 107 30 70 27 86 53 119 99 25 38 78 81 100 61 109 138 120 39 15 63 98 113 111 108 56 36 14 16 103 67 127 143 1 66 149 145 10 44 4 9 47 26 116 90 117 6 140 82 139 51 144 71 48 79 72 46 93 141 125 13 37 137 33 49 101 131 0 104 102 136 20 147 5 84 34 105 19 62 80 60 128 83 118 18 124 42 55 12 65 3 64 126 69 110 114 43 57 73 24 2 85 150 52 29 32 134 121 28 132 40 129 77 75 68 74 54 22 151 89 45 8 50 59 130 92 115 146 31 106 133 91 148 123 95 7 17 76 94 122 11 87 97 142 41 88 112 23 
86 130 80 122 48 89 111 114 52 39 141 56 87 30 145 2 21 132 35 147 26 124 60 77 140 149 129 73 7 108 78 61 131 116 9 32 50 18 79 110 10 11 14 127 44 34 64 146 75 22 49 15 51 72 1 27 88 95 138 40 118 67 62 33 84 66 38 85 59 134 28 74 143 109 104 136 92 148 57 81 68 91 98 103 150 135 6 94 101 106 12 19 4 125 83 128 37 23 69 97 117 41 65 29 133 42 112 137 121 58 144 53 25 102 16 120 63 43 70 142 24 0 96 105 100 31 76 71 5 13 107 123 17 20 99 82 45 93 139 36 8 46 90 119 55 151 54 3 126 113 115 47 
78 98 34 27 17 75 7 128 71 88 147 32 24 130 143 115 92 97 16 146 114 93 90 100 77 109 20 81 54 68 11 76 102 52 45 96 101 87 79 26 14 95 28 42 69 125 134 1 113 120 65 25 89 50 18 148 53 66 91 57 72 2 3 47 80 74 118 5 124 13 38 122 12 111 46 43 129 139 39 108 82 8 33 138 149 73 99 40 103 64 70 135 107 117 67 22 86 9 123 137 116 121 21 84 4 126 59 30 58 94 15 49 127 110 61 23 48 145 29 150 105 60 119 132 51 85 83 6 104 63 140 55 142 44 62 112 133 41 37 19 131 141 56 36 151 144 31 136 106 10 35 0 
56 7 50 136 25 18 49 127 89 108 73 68 142 107 34 75 128 100 116 72 44 58 70 102 94 16 48 131 3 133 144 87 11 37 53 8 120 6 135 57 151 114 5 91 148 24 117 63 96 39 99 109 40 84 76 35 21 54 126 65 1 64 146 92 149 59 113 60 93 121 32 13 118 80 139 106 51 52 45 2 125 55 0 147 19 12 36 112 28 77 15 98 43 105 141 140 138 95 26 22 145 61 30 115 119 66 42 4 86 85 90 130 71 78 17 101 9 67 10 110 29 38 88 137 69 41 33 124 47 62 111 134 79 20 83 46 123 23 103 27 143 150 132 14 82 97 129 31 74 104 81 122 
45 52 44 9 143 2 122 112 88 8 144 15 146 28 65 95 67 100 109 10 31 110 137 3 97 145 131 6 90 84 14 135 106 22 128 124 46 104 48 83 35 18 50 94 20 138 66 117 115 92 132 80 62 23 119 96 79 56 133 11 139 99 51 5 61 63 102 69 108 120 72 125 107 47 123 81 27 77 7 111 78 93 39 121 12 82 149 91 70 54 74 57 24 136 68 26 116 151 49 13 71 147 140 25 127 30 1 76 19 60 89 43 101 21 36 118 41 87 105 55 59 64 42 33 114 40 38 4 29 34 17 126 141 113 37 148 130 86 0 53 103 150 32 142 58 134 73 129 85 16 75 98 
94 144 12 137 103 31 4 141 36 135 72 52 125 110 61 21 57 64 109 53 77 65 42 145 89 88 90 143 29 96 39 82 1 71 97 11 91 99 105 0 10 44 107 119 129 101 60 48 70 46 69 38 17 24 73 58 76 130 123 118 6 15 120 22 148 124 147 28 20 150 151 106 74 7 115 126 84 33 139 128 83 30 93 34 146 79 131 51 113 16 18 32 111 23 14 37 5 121 127 95 78 104 63 149 8 67 49 134 81 117 2 26 25 35 56 19 136 68 142 132 55 43 108 50 27 98 100 138 47 13 102 75 122 54 45 62 85 133 66 3 41 140 92 86 80 112 87 9 114 40 116 59 
13 59 125 91 126 58 65 21 123 84 95 142 117 44 3 50 83 43 116 129 11 20 61 146 10 66 26 9 115 57 90 144 70 78 100 120 68 12 53 67 81 145 19 76 74 104 30 5 124 103 16 7 149 52 82 56 97 137 8 121 110 101 36 69 92 106 134 41 28 113 93 94 114 45 37 29 79 127 14 139 133 77 1 2 109 140 42 33 39 4 89 51 148 63 55 150 87 0 105 71 24 88 17 122 80 141 99 73 27 46 151 62 86 132 135 31 128 96 119 147 138 48 34 108 25 38 75 22 136 112 35 64 143 130 6 32 60 72 118 40 111 102 47 107 49 23 131 85 98 54 15 18 
133 96 74 45 53 125 144 36 29 12 27 148 124 43 2 82 38 109 108 95 99 141 117 91 78 34 22 87 46 81 28 119 100 18 16 66 37 11 149 35 84 116 89 71 23 14 150 9 26 8 79 131 121 24 128 41 47 83 4 111 49 115 42 17 58 69 72 61 143 127 137 90 104 21 57 77 86 130 55 120 140 64 113 15 65 142 129 146 76 68 112 6 56 98 126 50 32 110 7 92 122 107 123 63 114 13 60 3 118 52 75 73 106 25 40 138 101 88 94 1 151 0 85 44 80 59 132 105 39 62 33 48 97 54 139 145 19 31 102 147 103 134 67 70 51 10 93 30 20 5 135 136 
26 107 101 136 28 3 83 123 15 70 84 82 24 9 52 76 117 49 58 48 79 80 151 121 108 134 73 114 109 78 66 150 85 5 17 119 147 130 13 71 131 135 61 43 96 120 10 110 139 62 7 33 34 126 42 95 112 1 144 143 111 21 14 142 132 8 68 113 77 128 51 50 67 97 102 2 0 116 127 36 106 148 140 29 118 88 11 44 92 35 57 94 104 145 103 64 56 31 65 27 4 20 41 6 98 37 133 38 69 63 146 46 90 40 53 93 47 129 81 91 105 32 55 19 137 45 115 75 138 122 30 149 89 74 18 39 99 22 100 124 60 16 125 86 54 23 72 59 25 87 12 141 
93 61 26 64 80 52 22 25 102 76 55 97 143 40 18 78 147 67 17 137 37 9 60 33 130 19 109 131 132 82 101 92 129 106 119 121 127 43 86 62 140 113 138 95 15 94 85 103 16 141 38 77 63 53 139 57 70 126 1 123 47 32 136 146 151 135 42 10 100 111 125 31 41 4 98 124 115 48 133 104 69 108 71 8 88 66 50 30 21 89 35 116 114 12 6 54 29 120 84 91 20 58 142 23 74 28 128 59 72 87 2 144 14 118 148 122 112 110 49 39 149 24 96 5 90 34 44 3 13 107 83 68 45 81 36 51 99 73 46 7 0 27 56 134 79 117 145 11 150 105 65 75 
100 73 78 44 7 48 123 104 141 134 29 31 148 86 120 19 12 142 38 121 60 61 106 145 65 69 97 74 58 2 122 135 63 80 144 124 114 53 85 17 49 84 9 43 67 64 42 34 83 116 87 128 76 70 25 82 13 90 15 21 59 32 146 0 99 56 98 23 140 41 16 151 88 125 94 1 81 47 118 55 102 36 129 10 35 112 37 68 3 96 54 24 40 6 28 110 126 95 33 51 150 131 62 89 93 75 108 92 4 109 27 147 115 113 137 79 111 139 107 136 71 133 149 11 22 91 119 57 143 26 18 127 39 138 50 20 105 130 30 14 66 5 52 101 77 103 132 45 117 72 8 46 
117 6 52 75 113 61 134 17 67 15 55 136 111 98 60 149 14 10 87 27 119 108 131 37 143 46 91 43 54 9 106 120 125 133 13 151 12 66 103 3 93 31 25 41 85 77 99 142 79 18 34 148 139 150 81 110 50 80 2 123 62 97 101 4 78 128 56 70 130 68 82 107 45 118 44 23 83 88 35 138 116 36 105 121 49 32 104 141 90 100 59 112 19 0 21 33 51 53 26 140 57 146 5 38 94 65 122 84 64 22 92 63 74 11 144 73 72 20 89 29 16 1 42 71 47 30 147 124 145 24 48 39 127 76 115 96 102 8 137 126 114 40 95 135 69 132 28 129 7 86 109 58 
5 146 139 59 138 105 67 54 116 21 11 30 74 71 99 103 61 111 26 15 49 97 53 38 13 32 69 37 20 78 58 17 29 82 35 75 127 14 42 40 4 108 46 114 2 23 7 129 115 96 44 64 123 136 90 150 84 22 81 134 145 128 79 28 130 112 94 144 50 51 124 88 18 119 16 70 47 66 31 9 76 110 113 125 27 151 83 33 34 104 3 92 36 73 68 147 101 65 8 57 117 12 52 39 137 62 106 132 55 143 98 86 1 6 100 45 141 118 142 89 120 87 93 43 107 148 95 72 10 48 133 25 121 85 19 126 91 109 63 24 77 149 135 0 102 41 122 140 60 131 80 56 
112 22 49 74 59 34 150 100 124 90 65 92 151 57 86 85 121 33 58 50 25 73 51 104 130 142 69 93 21 67 109 134 32 54 102 24 135 18 83 133 5 140 105 144 113 42 44 149 17 72 64 70 137 80 117 36 10 136 20 12 4 75 63 26 91 108 148 120 111 138 147 61 68 79 52 127 78 7 123 45 131 114 141 118 46 129 66 48 119 115 37 128 55 94 6 62 116 125 15 19 103 35 139 107 106 84 28 122 2 99 30 97 29 89 31 39 40 87 14 96 95 76 88 0 101 143 145 71 27 9 41 81 146 3 132 8 82 13 43 126 47 53 16 56 38 110 1 11 23 60 77 98 
55 147 23 1 19 138 35 89 59 39 109 40 149 60 81 61 131 42 95 96 97 66 91 76 29 85 84 92 78 32 69 105 117 38 80 83 125 142 2 0 139 27 56 43 145 119 88 113 141 15 110 115 127 50 22 25 112 103 10 14 108 41 151 28 36 18 126 57 62 90 146 133 16 63 101 106 130 8 93 21 7 64 5 47 118 111 87 74 102 9 26 4 140 48 71 100 3 120 11 150 6 24 17 54 134 121 114 122 77 116 129 52 123 99 58 34 45 70 132 79 94 75 46 104 73 137 67 135 37 143 30 72 86 20 98 148 68 44 82 51 13 107 33 31 144 136 128 12 53 65 124 49 
30 93 70 15 99 86 2 75 125 38 124 34 123 136 59 130 9 22 129 131 77 85 89 82 113 5 91 23 44 109 8 146 115 72 31 88 128 64 133 102 135 53 60 79 55 0 71 74 56 114 13 4 43 17 6 145 12 141 24 96 108 122 25 32 103 104 149 52 147 76 46 78 143 54 47 81 1 150 7 87 65 84 83 137 16 132 95 90 48 126 19 61 66 140 40 142 119 134 14 21 120 68 36 67 18 26 58 139 117 62 45 28 41 97 10 92 29 144 42 100 49 51 94 11 37 127 151 3 63 106 105 112 73 50 107 116 20 33 57 69 101 27 121 80 110 39 98 148 118 111 138 35 
86 117 100 1 109 31 53 66 84 131 88 134 10 106 105 58 143 116 104 28 5 72 2 93 18 6 98 83 111 77 148 12 69 146 138 65 124 81 67 4 123 76 145 118 40 73 46 115 23 7 135 151 95 121 41 42 59 11 39 14 21 64 43 79 30 27 149 50 78 87 82 126 45 75 136 129 3 130 24 91 112 89 141 49 51 44 32 110 34 97 38 90 125 22 113 52 36 94 144 62 132 128 47 147 102 37 25 8 55 35 63 9 74 150 71 57 133 20 16 120 54 103 101 15 26 139 137 92 48 17 56 33 140 108 107 114 119 96 142 122 19 0 60 85 80 68 61 127 99 13 70 29 
80 9 112 118 97 116 92 17 6 105 91 62 46 22 71 87 43 26 106 144 61 99 68 115 39 82 77 63 122 146 18 20 35 52 50 90 103 114 23 141 36 51 44 120 31 33 126 113 148 70 34 130 147 4 42 88 85 149 54 129 56 79 73 59 102 101 150 32 37 81 28 3 25 8 107 137 95 14 104 72 58 48 38 123 5 93 45 64 11 10 134 133 121 60 12 78 57 2 127 94 29 143 125 89 119 108 111 96 75 136 19 41 138 67 128 110 1 30 109 40 140 13 0 100 49 132 15 131 98 142 86 117 151 135 47 69 124 74 84 83 21 76 7 66 27 53 145 24 139 65 55 16 
109 127 120 42 143 115 124 112 74 81 40 3 8 148 64 95 59 69 66 35 16 0 65 57 125 58 107 33 19 43 54 150 49 145 11 151 1 123 106 27 105 31 79 22 111 88 128 110 130 142 7 14 68 20 117 92 126 97 141 118 18 67 45 48 84 71 137 80 47 119 138 86 85 61 121 36 44 104 60 55 140 91 21 32 129 77 94 76 39 5 113 2 96 34 131 83 25 37 15 73 78 116 99 103 90 51 89 98 134 53 26 28 46 75 102 149 6 100 62 146 87 139 29 4 50 135 56 133 10 9 136 24 93 101 108 63 72 114 23 70 41 132 30 12 147 122 13 82 38 52 144 17 
146 22 40 3 130 101 132 68 134 20 54 141 112 100 106 32 92 97 28 57 41 126 73 39 21 85 62 125 150 63 136 70 67 89 131 114 90 8 71 142 115 69 84 51 55 133 43 139 87 105 52 74 76 50 137 47 14 113 120 30 103 10 81 61 151 36 66 42 117 121 35 49 53 98 15 0 48 86 88 65 9 107 59 145 31 44 96 128 108 149 135 79 25 111 4 94 83 24 147 7 82 38 127 45 6 17 123 18 26 77 124 80 102 19 122 91 95 148 78 27 2 143 116 99 11 138 104 110 37 33 13 119 5 118 64 129 60 23 144 72 16 1 29 46 140 34 109 56 58 12 93 75 
111 33 83 129 123 31 99 90 28 116 114 50 5 19 23 49 55 53 148 94 84 3 92 127 2 26 120 97 86 25 126 151 74 121 73 104 67 89 135 34 41 81 106 142 70 72 58 35 103 51 24 87 61 68 145 150 0 149 117 48 125 56 43 44 16 22 36 147 14 82 133 138 115 107 38 98 64 137 88 21 65 91 80 12 7 71 39 139 101 37 13 32 75 140 27 18 29 102 15 96 118 112 42 134 113 85 63 66 128 95 6 52 144 130 119 17 20 77 143 122 62 47 79 124 141 78 40 45 76 9 57 10 146 131 59 11 4 8 110 46 30 108 60 136 54 100 132 1 69 105 109 93 
91 9 99 80 138 57 118 83 58 90 56 85 36 94 33 117 22 108 115 121 30 2 29 17 49 74 59 148 70 55 87 89 150 116 96 86 103 44 31 48 46 0 145 98 143 8 1 26 72 21 52 53 20 23 5 111 107 123 16 128 135 13 6 63 97 50 101 139 110 136 71 43 134 40 93 109 10 84 106 12 54 47 41 127 114 124 19 68 120 140 3 95 60 65 129 28 69 149 82 73 151 66 147 51 81 119 4 88 15 35 38 32 92 7 64 76 25 126 141 102 11 132 45 14 78 113 75 18 133 142 34 104 146 122 125 62 67 105 39 37 137 130 77 144 24 61 42 27 100 131 112 79 
115 124 117 14 81 125 134 35 36 60 102 58 11 118 85 47 69 40 106 108 103 22 12 44 127 141 2 121 46 107 45 79 151 90 105 96 62 140 38 1 78 130 63 147 66 17 119 55 13 73 15 67 135 116 91 98 54 145 99 71 114 113 39 37 87 111 30 142 43 52 109 148 82 137 42 65 26 136 0 138 146 19 64 21 143 93 89 25 122 61 8 31 56 28 9 68 74 51 86 83 33 88 100 94 49 149 6 76 32 126 123 77 95 84 75 129 128 59 18 41 29 150 92 53 23 34 70 7 3 104 5 132 139 27 112 20 48 120 24 72 133 110 144 101 97 16 4 57 50 10 80 131 
47 99 109 78 111 50 20 61 121 55 88 73 124 139 56 85 82 21 40 52 33 106 13 107 70 46 4 69 10 12 98 149 9 97 76 43 141 2 94 114 117 145 7 129 126 23 34 29 6 15 38 62 35 105 102 135 151 77 26 144 140 59 131 41 113 120 45 25 32 11 112 104 3 142 148 83 18 138 119 115 72 42 64 89 103 68 96 143 118 136 79 14 92 125 27 53 66 31 147 86 44 71 108 0 36 16 127 91 101 65 128 17 134 60 133 24 74 150 146 132 110 93 122 8 123 37 28 57 116 5 48 100 80 130 63 1 67 90 39 87 51 84 137 49 19 95 30 75 22 58 81 54 
148 34 134 15 116 56 28 108 129 60 57 10 120 139 144 58 102 69 44 29 86 114 26 0 87 59 103 149 133 71 117 79 48 23 93 41 17 4 80 124 90 73 6 8 61 125 109 81 112 45 70 14 42 97 151 35 38 131 137 46 98 76 67 147 111 37 21 50 49 66 123 22 101 18 106 5 83 64 136 25 145 11 91 100 7 75 127 141 52 96 65 9 77 74 104 47 30 85 135 20 150 84 43 146 39 3 40 105 31 118 82 95 119 32 128 68 92 121 88 89 12 110 24 115 55 142 130 51 13 16 62 63 132 78 54 36 126 107 99 143 53 113 138 94 2 33 140 27 1 72 122 19 
137 113 134 103 68 116 18 105 56 100 46 126 5 69 60 40 99 15 88 62 34 14 81 109 29 52 136 54 111 6 91 145 53 73 93 58 121 141 85 139 122 19 70 148 23 102 27 42 124 78 79 128 147 87 131 1 74 143 125 117 16 142 38 49 83 120 115 65 150 71 24 37 123 55 89 127 51 138 43 64 4 110 94 75 144 66 63 10 86 33 107 22 133 2 67 108 25 151 9 35 72 135 50 13 44 26 114 104 30 84 82 0 140 3 80 130 106 97 95 48 32 101 96 132 36 77 92 119 76 17 149 59 12 41 7 11 129 61 8 112 118 39 20 21 90 98 45 47 28 57 146 31 
6 38 99 58 144 50 69 70 86 14 0 136 37 34 143 141 149 106 92 127 7 22 47 94 28 21 43 2 88 20 23 56 27 61 66 36 45 25 81 10 90 105 40 46 131 103 121 12 132 145 32 33 68 39 113 151 24 109 64 54 137 91 8 112 73 80 128 49 97 57 110 16 62 29 125 75 35 147 104 63 42 9 5 122 17 44 101 150 15 84 65 98 85 19 124 120 117 31 30 60 87 133 3 79 142 67 119 129 48 78 93 41 140 52 51 82 95 89 138 76 13 146 71 102 111 115 74 116 11 77 1 96 26 100 4 134 139 53 83 55 130 72 18 59 148 107 123 114 126 108 135 118 
92 41 21 25 37 62 101 137 43 88 112 98 148 7 58 79 89 69 13 76 82 27 115 150 53 1 80 136 39 9 134 34 54 125 122 2 45 131 91 109 24 121 8 49 74 105 29 11 46 52 83 145 72 48 141 124 12 97 61 66 26 133 84 118 78 4 47 123 100 23 20 16 151 64 99 126 35 117 106 85 104 116 65 0 51 75 63 87 102 56 143 95 38 93 73 110 5 132 70 55 67 22 142 127 36 31 108 3 60 17 120 81 68 77 32 44 140 129 113 59 28 19 42 135 138 130 149 147 40 107 14 111 86 146 94 57 10 33 96 71 139 6 119 144 18 90 114 103 128 15 50 30 
31 124 21 146 32 38 11 35 70 92 0 1 50 30 6 34 5 103 48 33 120 15 122 116 149 25 81 46 127 76 111 61 58 118 17 115 147 132 10 83 79 139 131 107 12 45 84 100 94 4 102 67 119 143 113 64 57 88 87 72 41 43 91 18 71 108 39 128 78 85 106 99 109 86 114 54 134 123 95 104 144 2 136 98 13 150 16 82 56 145 90 97 151 73 125 20 89 49 60 80 59 65 129 37 47 135 93 44 96 77 105 55 7 68 74 28 36 66 148 69 137 53 3 133 40 51 75 126 52 42 14 29 9 141 8 110 117 140 63 62 22 138 27 26 101 19 130 142 24 23 121 112 
148 20 130 133 71 99 54 105 18 25 17 118 31 75 125 2 112 69 21 150 61 82 110 41 147 107 91 132 101 106 38 98 57 140 46 51 86 79 4 120 108 126 32 58 129 122 40 19 115 22 70 145 94 3 88 93 47 135 77 123 7 149 44 49 64 65 60 131 90 139 137 68 83 116 0 128 36 12 141 26 1 80 24 74 52 33 59 16 50 72 143 103 23 138 134 30 29 85 34 35 63 67 45 92 39 89 42 62 104 111 48 81 151 87 117 100 78 27 109 127 37 55 124 5 121 66 13 53 102 119 11 136 15 144 56 113 142 73 114 84 97 9 6 76 28 10 95 8 14 146 96 43 
19 9 121 150 124 22 109 8 55 32 53 114 144 146 25 125 73 135 63 113 149 1 115 68 70 101 78 123 13 141 145 16 97 30 102 98 6 80 54 88 130 46 38 29 18 90 49 44 41 94 105 14 15 112 64 128 56 147 91 116 96 61 117 74 77 10 67 86 60 28 21 81 126 52 26 136 76 35 75 84 92 122 47 148 133 2 108 27 4 57 0 39 79 106 42 142 119 129 139 51 140 110 107 138 120 69 71 36 62 83 131 59 93 20 99 7 3 12 37 34 72 111 11 31 143 89 87 48 137 23 134 103 100 66 118 58 104 33 127 50 151 65 82 40 85 17 5 24 95 45 132 43 
128 15 7 72 30 64 70 102 100 63 57 106 112 127 66 139 55 130 119 114 141 137 71 44 135 50 28 78 39 79 8 85 41 109 129 81 101 126 93 49 47 82 4 38 96 45 24 60 48 91 59 116 21 51 94 32 43 151 132 95 89 17 84 124 118 29 54 125 77 104 108 9 122 31 98 25 61 113 133 99 131 103 11 65 115 20 19 12 144 111 120 36 80 58 35 5 34 33 40 87 86 69 10 73 18 147 53 142 140 16 76 22 149 26 146 75 121 37 46 56 145 23 110 150 6 138 3 83 123 117 88 90 97 92 62 2 0 74 1 148 67 134 143 52 14 68 13 105 136 27 42 107 
139 122 13 68 42 3 33 75 115 108 4 109 79 53 50 12 44 118 34 86 94 132 55 128 45 137 64 98 32 147 103 123 66 96 2 93 69 150 26 11 38 51 102 28 136 5 21 74 77 16 107 81 83 101 127 65 134 126 84 36 144 149 151 61 24 41 23 29 27 92 0 39 121 14 63 88 110 49 113 1 73 119 146 67 106 90 138 8 104 71 54 95 129 133 58 6 140 89 25 60 19 117 20 22 46 114 18 48 37 80 112 145 72 116 87 59 105 85 125 62 47 82 130 141 15 52 78 31 7 30 142 91 70 97 131 35 143 43 57 111 40 56 99 124 10 17 100 135 76 148 120 9 
147 33 43 66 7 151 59 22 95 132 92 24 110 39 64 78 77 79 126 86 34 144 99 108 9 138 102 112 16 19 68 23 105 49 37 140 131 148 61 149 46 90 71 11 54 5 80 141 121 14 2 8 145 120 72 85 103 10 30 97 111 106 117 142 29 18 50 100 58 31 96 56 109 113 134 114 26 139 75 91 150 1 51 48 32 42 136 52 146 118 74 67 63 25 116 15 101 20 53 84 35 81 65 83 115 38 129 0 125 98 128 70 87 107 69 76 27 55 62 44 47 45 94 130 12 137 4 6 88 127 122 104 21 93 82 124 28 73 41 123 57 89 17 60 36 3 119 135 13 143 40 133 
45 146 143 141 145 10 150 59 34 144 129 30 118 61 4 107 35 1 23 19 49 106 12 50 121 96 123 42 21 55 69 15 2 27 108 52 120 128 75 119 7 62 139 125 3 114 130 151 131 80 31 14 127 11 38 37 41 91 134 103 66 148 78 32 104 39 92 109 88 93 64 142 56 89 26 99 135 110 13 60 57 20 44 98 94 51 16 53 79 33 18 22 87 6 111 58 84 116 72 100 81 5 105 117 77 29 82 68 137 126 65 48 97 28 76 46 140 67 54 25 43 122 113 83 74 90 73 9 63 95 147 36 124 101 40 136 70 24 0 149 112 86 8 47 138 71 17 132 133 85 115 102 
4 121 106 20 65 29 94 109 111 123 71 86 19 146 66 54 56 119 145 129 41 142 133 87 91 90 92 144 108 11 0 49 101 21 73 82 3 132 23 102 103 137 97 25 70 125 35 40 63 79 75 14 12 44 59 5 45 37 51 151 57 107 2 15 26 33 104 50 38 85 80 52 18 48 127 136 30 100 117 10 67 69 53 55 134 93 110 43 141 89 122 96 139 31 118 116 84 124 77 36 88 7 68 8 130 113 1 42 22 98 13 16 95 81 9 120 60 131 28 6 140 74 143 138 78 128 61 24 83 39 27 72 32 62 64 148 76 46 114 115 149 58 105 147 135 47 34 126 99 150 17 112 
50 148 40 22 104 60 14 56 38 24 29 77 103 47 122 11 94 31 89 57 73 138 108 115 139 75 136 124 51 85 129 113 1 97 102 145 34 65 106 143 70 109 21 79 16 6 7 131 146 90 100 37 52 32 43 133 121 62 116 114 72 137 81 119 127 101 142 25 105 36 10 78 76 30 9 17 112 46 95 61 39 27 150 126 118 53 42 110 66 4 125 2 147 91 107 19 134 55 93 23 120 74 69 67 54 92 83 28 63 140 144 0 87 80 96 128 18 71 86 98 130 20 123 33 68 151 44 48 64 12 117 13 135 111 5 149 49 41 132 82 45 84 3 26 8 88 15 141 59 99 58 35 
87 140 145 30 57 118 23 43 130 136 72 147 149 134 128 111 69 116 46 9 115 106 31 59 66 80 16 88 127 119 48 146 79 94 60 34 70 45 129 110 74 7 33 125 102 132 73 37 47 4 20 26 133 63 27 91 11 5 44 38 90 126 112 50 131 85 97 142 103 83 8 122 24 15 19 104 114 6 107 82 150 137 55 139 138 86 100 92 93 12 42 64 29 117 61 25 51 135 76 101 75 13 49 3 53 98 17 0 28 95 144 67 41 40 68 84 58 151 22 18 96 36 10 35 77 99 121 62 21 143 81 32 52 78 123 141 113 39 148 105 56 1 14 124 71 65 89 108 120 2 54 109 
73 20 133 14 135 45 52 15 8 58 90 119 29 1 75 27 85 61 59 120 114 25 30 147 72 95 93 89 100 131 69 66 138 149 74 92 42 18 148 46 103 124 36 88 99 101 91 86 96 68 55 23 142 70 62 64 5 50 141 13 4 41 111 60 151 127 48 34 83 102 139 113 7 97 32 76 11 129 109 144 44 54 104 12 136 112 121 3 19 137 57 134 71 116 56 17 117 125 108 26 28 81 37 0 140 24 82 146 79 35 63 132 22 80 65 145 84 2 16 53 126 43 33 9 123 78 118 98 10 94 107 122 110 130 87 51 115 40 106 49 150 47 39 31 105 67 6 21 77 38 143 128 
107 120 12 89 101 151 39 84 135 53 58 60 13 143 112 138 109 123 92 139 124 71 94 87 115 17 119 6 23 77 121 91 5 20 26 46 70 8 33 10 25 66 1 69 102 72 132 76 104 40 4 86 127 141 108 56 30 61 128 136 129 113 28 7 131 37 45 59 85 105 44 144 118 63 130 148 9 111 34 114 146 41 29 150 21 0 67 93 95 83 88 11 62 64 106 116 100 55 51 98 22 147 122 75 145 47 74 19 97 81 140 73 78 57 36 32 15 90 65 52 24 96 35 48 134 103 43 110 80 31 42 142 126 16 3 50 49 54 82 149 137 133 68 2 38 99 14 125 79 27 18 117 
13 6 30 26 31 27 82 17 93 64 114 28 12 108 63 35 80 139 61 112 103 71 146 137 91 104 129 59 49 67 98 56 4 58 75 110 32 14 41 141 125 124 148 60 134 37 126 136 18 29 45 22 62 144 23 105 122 15 145 43 107 89 66 87 88 33 53 8 97 3 1 50 5 123 44 121 47 25 133 135 77 116 118 120 48 11 138 83 0 106 74 19 95 151 94 130 102 7 46 55 16 20 65 86 92 81 143 52 24 73 2 34 54 117 9 78 90 99 51 10 131 142 147 68 38 127 84 140 115 72 119 132 42 111 85 101 57 76 36 113 100 109 149 70 69 128 96 21 39 40 79 150 
84 76 122 48 98 73 24 100 150 57 21 107 49 83 123 67 26 105 15 78 14 113 46 66 140 63 11 87 99 16 70 32 50 95 96 139 38 116 41 146 37 136 53 89 12 135 85 104 114 103 141 4 59 132 118 65 127 110 147 18 149 33 19 42 119 121 0 40 90 128 144 145 142 17 27 129 106 82 111 62 61 58 72 3 91 7 120 55 52 130 5 10 115 101 151 64 125 35 79 47 20 22 108 92 137 138 81 134 102 28 80 31 45 117 13 124 9 131 30 1 71 148 25 86 23 74 69 97 143 54 6 60 109 39 43 94 44 77 29 93 34 36 2 126 56 112 75 68 133 8 51 88 
69 105 70 137 117 47 87 109 106 51 85 31 151 111 13 48 123 66 129 102 116 41 22 82 107 142 8 36 73 7 104 55 19 150 16 121 65 14 98 1 37 71 101 131 25 118 32 54 53 12 103 52 35 112 132 135 68 145 113 108 77 144 140 78 81 46 115 97 45 42 91 23 114 18 83 27 24 147 29 56 92 67 30 63 57 136 20 61 146 124 120 99 21 38 74 90 6 10 60 95 9 4 58 110 39 149 44 2 134 133 76 49 138 96 17 62 43 3 28 100 33 15 86 72 93 59 119 148 89 128 139 127 11 34 143 26 5 75 40 80 125 126 94 130 122 64 141 0 88 84 50 79 
34 129 106 37 81 132 50 147 21 78 1 145 96 69 0 121 139 105 90 31 15 27 149 82 56 83 124 44 122 97 61 112 33 25 107 142 137 70 92 20 38 118 45 48 58 150 7 28 131 151 108 47 43 32 141 133 6 73 71 23 18 8 109 87 98 86 143 19 100 138 10 126 130 41 117 36 60 134 9 135 146 110 68 91 119 89 12 75 85 64 101 26 102 104 3 140 127 77 65 93 94 16 62 103 123 88 46 115 2 99 53 17 13 113 5 57 136 66 128 67 29 74 144 95 55 30 51 111 80 63 116 72 84 22 49 76 42 59 52 125 14 114 11 24 40 39 120 148 79 54 35 4 
56 130 75 76 61 123 83 74 5 80 148 58 87 112 43 50 6 121 23 65 67 141 46 19 48 120 97 108 34 4 96 8 7 57 22 2 99 91 93 26 107 17 101 146 100 104 72 49 132 16 64 118 27 147 70 68 71 40 79 66 90 111 29 77 37 119 10 144 3 39 82 102 122 137 36 73 116 15 84 60 25 115 149 140 69 30 103 81 127 11 124 14 133 20 85 92 126 54 62 18 9 129 110 52 53 41 28 51 35 114 150 94 128 31 131 142 45 1 113 138 134 88 55 139 33 0 47 109 13 125 98 145 86 78 136 89 42 63 151 12 24 21 32 106 95 105 117 38 143 59 44 135 
103 115 48 5 66 139 55 110 63 130 59 116 39 109 10 46 140 65 73 38 86 45 72 90 132 58 33 94 131 30 106 134 107 126 25 141 127 95 54 91 145 6 138 93 74 40 69 68 129 32 27 123 102 122 85 81 89 75 143 84 60 7 44 24 50 133 99 0 26 78 98 150 82 49 92 77 56 15 105 13 113 104 52 47 14 29 148 67 87 117 108 136 34 16 37 151 18 88 28 12 9 137 97 96 79 111 142 41 1 17 53 4 124 64 119 147 80 118 20 144 42 62 36 21 100 61 121 83 3 8 146 43 128 125 22 57 149 71 35 51 112 31 11 19 114 70 23 120 101 2 135 76 
137 112 113 79 53 43 50 47 123 91 83 82 21 136 60 75 56 6 66 78 118 97 54 4 39 24 30 45 27 124 139 36 20 100 142 85 8 128 80 111 109 44 35 5 140 33 125 106 93 12 73 134 121 117 26 99 41 11 143 57 22 89 32 94 70 14 51 28 76 13 129 52 7 19 10 65 135 145 148 9 0 144 88 38 126 49 131 84 42 151 72 46 48 105 102 104 149 77 37 107 59 55 23 68 103 17 98 110 81 71 1 69 2 130 141 132 31 101 127 40 67 15 74 64 3 147 16 146 92 115 90 34 58 87 120 119 18 86 95 108 122 29 63 61 133 62 114 116 25 150 138 96 
16 116 35 51 130 95 129 13 39 121 151 29 104 47 147 5 50 110 40 25 11 142 119 49 125 68 105 122 136 96 149 69 37 100 20 82 2 146 8 150 58 141 31 30 28 15 137 62 80 55 53 77 1 17 108 79 43 45 114 148 84 7 101 107 87 21 24 94 85 86 41 65 36 143 66 27 52 54 26 131 34 113 120 138 88 4 75 73 12 72 89 19 93 32 38 22 33 48 56 9 74 92 91 46 83 14 3 140 64 61 67 127 128 0 97 111 78 63 90 98 117 135 71 124 106 42 118 134 81 109 44 10 139 60 144 57 132 70 102 126 23 115 112 123 145 18 59 99 103 76 133 6 
115 84 106 66 133 102 47 124 150 93 0 18 90 14 19 44 107 35 151 51 54 89 135 7 74 86 97 83 82 34 11 70 118 29 67 1 92 95 52 69 96 33 99 48 13 45 142 127 113 81 111 112 80 41 149 31 148 60 71 42 104 76 98 116 49 30 147 105 4 140 94 122 100 88 110 77 21 37 144 36 56 91 87 32 103 85 128 40 75 2 22 17 65 120 78 136 25 145 123 55 137 129 6 61 109 46 68 64 134 143 119 138 12 108 114 20 15 146 39 62 43 126 10 101 5 50 24 73 38 8 59 9 23 63 53 139 132 28 27 3 130 26 79 121 72 57 125 131 117 58 16 141 
106 57 42 15 1 151 82 76 6 112 146 75 64 87 135 21 111 12 88 69 131 142 139 39 128 114 79 37 83 99 8 38 14 147 61 20 60 86 149 58 104 13 134 100 62 93 19 98 78 125 91 3 10 81 133 73 35 120 26 103 36 5 138 132 67 150 11 50 7 97 4 92 23 45 121 105 71 148 40 53 89 68 33 27 28 136 55 130 143 144 22 122 49 145 74 85 137 119 109 51 66 31 117 46 41 118 25 126 59 107 48 9 63 127 123 77 24 18 115 101 95 110 113 70 96 44 17 124 80 141 90 108 34 129 47 94 54 140 116 30 56 72 43 29 65 2 52 16 0 32 102 84 
41 110 82 28 102 98 4 53 43 136 14 9 38 44 108 63 100 141 78 139 17 31 16 137 37 94 131 20 85 35 116 5 2 143 46 96 18 10 11 145 45 147 92 47 56 81 149 118 1 109 125 0 119 27 23 151 3 87 150 48 103 49 124 66 127 57 50 12 95 112 91 129 15 73 114 70 90 26 148 55 22 83 61 19 79 52 67 80 75 33 60 117 6 133 132 107 29 40 42 122 104 120 126 8 142 76 68 77 144 121 146 36 54 101 97 135 138 140 134 86 88 34 7 32 111 106 74 65 58 30 72 24 84 123 105 39 93 59 13 128 69 89 64 115 71 130 21 99 51 25 62 113 
42 71 29 19 113 108 111 150 0 24 144 138 17 51 80 11 83 137 96 20 76 63 43 30 39 147 112 114 77 105 81 28 84 139 115 67 56 34 73 143 101 98 69 97 130 75 145 7 86 124 92 26 106 61 59 66 91 33 70 103 9 122 123 25 132 119 110 128 93 127 16 116 55 2 104 118 60 126 54 102 136 64 146 78 58 120 68 65 82 129 13 94 95 35 133 57 72 41 27 47 37 74 149 100 117 32 135 38 88 1 62 22 3 121 140 10 99 134 23 148 49 89 44 131 142 5 36 45 48 12 14 125 40 90 87 85 15 31 21 4 107 8 46 151 50 6 52 79 109 53 18 141 
137 30 145 143 52 87 73 68 39 32 112 140 77 133 22 104 66 115 151 117 123 127 147 80 100 56 91 26 118 45 130 64 1 42 148 43 59 41 103 146 67 82 107 108 11 7 51 54 19 109 15 142 94 92 25 46 78 136 12 124 139 69 37 35 72 125 3 111 55 84 17 96 18 23 8 57 63 9 75 126 99 141 132 129 38 95 58 122 114 138 88 149 128 110 76 85 131 90 34 113 5 2 20 48 86 93 134 6 106 33 144 10 16 47 40 60 70 101 53 28 4 83 81 29 13 98 74 14 71 61 79 0 62 31 50 44 120 36 105 116 121 27 24 119 49 65 97 102 135 89 150 21 
59 76 78 46 51 132 37 27 29 50 10 69 14 112 34 98 90 3 2 66 4 22 93 15 128 133 44 117 52 43 33 62 74 111 115 77 140 6 5 126 38 72 107 55 103 142 25 95 113 45 56 97 147 21 131 39 99 149 150 124 100 84 102 9 17 85 35 68 83 54 7 12 145 146 70 110 40 48 130 116 23 119 86 141 118 31 41 109 139 61 120 75 148 36 101 135 1 81 96 8 134 87 151 49 137 24 80 88 42 91 114 57 32 65 79 28 53 82 125 94 122 16 64 121 136 127 123 106 58 20 144 143 67 138 13 73 26 18 89 47 105 63 30 0 19 104 11 108 71 60 92 129 
8 108 146 0 112 66 91 151 138 19 73 57 27 12 60 2 107 58 131 48 132 29 33 143 86 80 129 54 144 64 23 50 135 106 78 102 134 127 3 17 38 147 142 92 75 140 5 37 16 141 47 7 61 87 6 59 21 149 53 121 119 36 111 88 40 83 148 69 22 74 125 41 124 115 4 145 26 13 11 9 79 114 55 18 110 99 109 39 45 89 62 122 116 28 34 68 150 10 130 136 56 82 104 25 65 100 63 14 24 81 32 77 15 126 72 113 85 52 133 96 101 20 31 98 44 46 67 42 103 93 94 30 95 70 123 35 97 105 118 117 120 49 71 137 139 90 1 51 128 43 84 76 
134 148 71 52 109 1 18 67 140 7 23 118 40 126 146 26 12 83 94 96 10 150 4 34 15 142 130 32 70 88 84 66 39 63 42 93 47 6 65 48 98 91 53 59 49 95 68 138 149 123 46 43 44 133 3 78 5 101 137 114 89 144 80 106 112 13 54 77 111 50 100 61 105 85 82 121 122 41 2 27 145 87 103 55 79 99 25 113 29 151 33 69 136 132 60 37 115 56 0 81 22 143 72 57 135 24 102 62 104 17 45 20 108 131 116 127 31 30 97 36 58 124 90 120 14 86 35 141 64 73 139 19 75 76 129 16 107 8 28 117 11 74 9 110 92 125 128 147 51 119 21 38 
58 88 7 77 137 79 51 89 48 130 132 147 81 62 19 11 104 115 16 102 145 37 120 64 46 12 59 113 54 44 22 24 129 45 86 127 1 122 85 55 95 63 143 35 69 116 139 20 47 10 128 150 13 41 56 83 140 94 93 108 27 14 121 136 67 61 53 100 151 76 71 111 87 17 138 31 70 5 114 33 124 91 149 74 68 135 18 40 34 36 96 98 29 126 146 66 73 50 144 134 0 26 43 131 142 118 82 8 84 117 39 57 38 107 105 119 3 75 9 42 28 32 103 125 52 123 80 49 23 78 72 99 109 21 65 148 60 101 25 30 2 92 15 133 112 106 4 110 6 97 90 141 
10 89 56 38 52 66 59 51 8 110 121 70 68 62 82 77 116 146 41 57 64 37 87 20 86 130 28 75 128 26 6 120 42 97 21 49 111 1 139 80 9 90 5 99 67 124 95 74 46 47 73 71 23 69 150 17 29 135 84 131 101 105 91 123 137 3 119 127 108 76 85 78 14 4 72 61 50 55 16 11 134 151 44 18 33 132 13 112 19 30 40 145 35 54 15 113 43 7 93 133 141 0 12 79 129 136 58 53 22 100 32 24 109 65 114 140 143 92 104 83 142 107 98 25 117 63 31 144 45 34 88 149 2 102 36 106 118 126 103 147 60 148 96 125 27 94 48 39 115 138 81 122 
47 99 81 130 60 116 74 136 12 28 139 138 107 104 97 37 78 68 132 84 119 9 7 67 26 17 34 61 118 135 46 145 151 93 39 11 77 108 117 48 42 70 76 59 43 41 123 57 120 131 3 98 87 79 0 122 129 16 65 144 64 96 128 18 112 75 69 72 50 22 90 143 55 95 83 54 82 86 44 56 66 23 21 114 6 58 149 73 101 124 40 71 80 25 20 150 15 140 24 62 51 29 49 125 133 110 31 115 38 127 10 142 1 30 91 105 45 19 103 53 121 32 111 8 5 126 146 92 4 141 2 33 137 113 100 14 94 102 13 134 88 63 27 36 85 109 148 52 35 147 106 89 
40 25 115 43 30 91 108 90 103 56 105 11 17 57 140 104 122 53 93 107 144 80 10 86 129 136 146 79 148 22 94 58 139 134 29 102 71 96 124 114 6 1 119 150 65 116 13 61 62 110 126 111 18 76 138 64 130 84 0 32 85 78 151 70 55 35 92 128 5 3 37 60 26 120 125 97 15 141 117 33 52 45 77 19 28 131 142 46 8 87 95 66 101 121 82 99 54 7 9 44 112 89 147 63 36 14 12 16 20 135 41 42 118 98 47 137 72 2 133 132 88 34 27 51 67 4 50 69 49 143 145 23 127 106 38 109 83 24 73 21 31 75 100 74 123 81 149 48 59 39 68 113 
97 66 102 57 0 58 108 93 11 72 151 145 63 136 120 98 8 85 113 78 104 20 137 42 139 34 87 12 35 4 114 27 84 53 43 55 75 68 67 60 54 48 92 30 115 61 50 23 52 146 14 79 76 31 25 41 99 141 33 32 122 109 13 134 3 144 51 135 101 112 80 9 47 117 69 64 7 121 65 86 74 90 140 77 62 49 105 44 46 111 118 131 130 94 127 147 132 107 103 88 129 96 37 95 56 126 83 150 73 148 18 2 89 28 70 71 142 21 124 143 133 110 40 36 91 22 59 15 45 128 82 106 138 119 123 19 16 24 100 10 39 29 116 17 1 125 6 26 38 5 149 81 
129 12 27 8 122 112 89 115 75 131 21 73 57 47 3 99 33 29 117 103 17 25 141 5 111 59 7 116 98 135 123 120 92 62 50 64 119 11 83 36 67 78 39 134 56 23 88 137 76 102 124 127 41 146 4 128 16 125 69 81 58 151 95 52 2 26 126 10 63 82 19 107 85 110 100 40 96 44 70 53 66 51 150 97 45 28 87 130 90 35 32 94 121 20 79 109 22 145 91 13 1 86 113 71 108 6 101 72 34 77 138 132 43 48 104 15 114 136 0 106 31 61 144 24 133 118 148 42 147 143 55 60 38 68 46 80 139 84 18 54 140 37 9 65 105 149 49 93 74 142 14 30 
120 16 43 108 105 33 15 130 32 45 42 35 142 116 19 21 137 123 13 2 139 61 91 26 80 110 1 140 5 44 82 134 141 38 83 98 28 118 128 47 79 7 86 37 138 133 17 149 55 46 106 93 151 56 92 27 132 147 57 107 36 129 6 104 4 112 64 53 81 102 109 100 3 78 11 96 115 85 65 146 126 75 103 51 127 52 34 20 31 29 143 101 145 39 87 50 148 70 122 63 77 125 135 76 24 62 68 8 124 58 136 121 54 113 40 9 30 73 95 88 144 23 14 97 25 60 150 90 89 59 66 22 0 10 117 71 12 48 119 74 131 69 84 18 41 94 67 49 111 114 72 99 
139 69 94 109 57 27 11 35 67 144 26 126 73 116 23 30 121 12 86 127 2 118 119 65 76 55 82 64 53 3 22 34 74 123 88 38 130 125 10 49 104 87 45 31 6 18 110 0 93 72 83 124 107 151 133 80 51 66 63 40 92 58 97 102 113 114 148 79 41 145 142 138 91 7 36 147 106 62 54 98 33 128 70 84 16 52 122 108 29 15 135 90 111 99 120 14 77 43 68 48 103 8 47 112 146 44 95 117 24 1 37 46 60 136 85 141 32 59 140 9 50 4 28 56 61 81 96 115 71 131 105 134 20 137 132 21 17 101 78 89 150 39 149 25 42 19 129 5 100 13 143 75 
1 76 114 122 86 13 57 99 120 78 73 20 107 125 80 53 110 41 97 3 50 37 81 17 149 51 98 134 28 36 67 4 132 130 143 124 100 127 135 34 91 89 101 39 70 137 147 85 63 49 136 111 62 103 146 112 32 105 16 6 148 133 9 142 31 87 46 150 65 113 108 82 48 29 58 40 19 45 74 140 2 44 71 96 116 102 0 117 26 25 22 128 92 43 30 68 21 38 138 35 23 83 33 139 5 24 10 95 66 60 59 129 94 109 77 121 115 56 55 7 47 104 61 106 12 84 69 145 27 64 126 18 123 11 119 54 88 42 52 72 93 118 75 141 14 79 131 151 15 90 144 8 
3 9 129 34 61 40 58 19 76 134 115 44 30 151 118 105 45 135 121 18 124 4 41 32 60 49 82 21 48 147 102 125 10 29 6 1 87 59 131 65 13 71 146 14 128 142 132 99 143 104 57 140 17 8 11 62 24 90 12 23 144 68 137 7 54 52 83 116 64 136 91 145 139 93 53 113 89 120 138 51 100 39 73 38 133 16 22 5 28 122 2 70 123 112 37 117 15 141 25 42 27 55 50 77 109 101 111 33 78 103 97 36 95 108 26 43 88 0 94 46 86 47 96 74 92 114 110 31 106 75 98 69 119 63 150 84 107 149 126 85 20 148 66 80 56 67 79 72 35 130 81 127 
149 63 118 74 5 22 26 114 47 116 11 107 106 141 140 25 43 146 108 18 57 31 30 92 65 129 72 138 147 104 78 44 119 103 77 9 54 38 128 15 95 56 41 40 75 124 68 27 93 67 50 42 117 1 100 45 19 120 144 58 101 151 113 46 80 24 88 79 59 133 110 33 94 102 23 2 84 12 115 35 83 142 62 132 52 130 121 6 48 51 143 17 150 55 137 61 8 126 66 131 82 127 90 134 136 49 39 87 28 97 34 85 76 109 86 13 32 29 105 21 4 10 81 16 71 37 148 99 96 122 91 20 69 64 36 135 53 70 89 125 14 112 98 139 73 60 145 111 123 7 0 3 
72 95 93 73 34 67 116 17 103 13 33 24 130 11 76 57 82 62 3 101 138 98 30 147 151 45 4 129 119 77 100 68 132 79 94 85 141 124 22 59 37 125 92 102 108 71 128 50 105 80 25 123 10 66 140 65 16 117 99 23 146 5 12 107 144 150 48 31 137 89 86 64 87 127 61 81 97 110 121 52 6 42 122 149 0 139 58 74 69 90 19 26 21 53 70 7 91 1 8 55 145 109 126 9 51 104 84 106 28 41 18 44 113 56 2 118 40 112 49 143 96 32 131 78 54 47 20 120 142 35 29 115 133 14 15 27 46 38 88 36 148 83 136 60 114 111 43 135 75 134 39 63 
27 110 86 0 52 94 74 82 24 15 69 147 41 53 127 30 83 120 136 139 100 31 73 19 128 21 118 111 97 112 132 125 56 148 42 55 121 14 135 101 26 85 88 108 59 95 92 13 150 117 51 119 116 81 5 46 23 63 137 140 58 78 66 48 17 79 105 25 9 123 80 122 35 129 114 151 32 106 104 93 133 77 96 44 144 130 102 68 124 107 1 37 54 89 61 126 50 72 113 45 62 90 12 146 28 22 84 39 57 7 115 138 103 10 76 4 20 99 70 2 47 134 149 143 142 64 109 36 98 87 16 11 65 29 43 40 71 3 8 49 141 91 18 131 145 60 75 67 6 33 38 34 
11 0 4 82 136 69 61 42 107 119 52 95 98 19 27 89 18 5 85 150 24 23 120 106 79 55 84 28 104 116 102 122 71 74 72 101 109 111 80 99 17 73 131 117 76 108 15 149 144 139 103 64 124 40 25 88 114 112 62 1 78 126 48 143 37 51 7 12 151 142 147 66 47 32 123 113 90 16 96 38 6 43 128 31 50 92 140 67 75 115 137 57 118 81 13 83 9 56 33 26 134 21 138 3 30 135 94 44 36 8 129 110 22 39 145 121 132 148 2 53 29 54 86 20 105 87 49 125 77 65 14 60 45 93 97 133 58 146 46 10 34 91 63 68 41 130 100 127 35 59 141 70 
75 7 52 26 82 47 3 40 41 6 4 79 80 53 9 87 65 57 17 144 118 148 5 67 1 151 69 55 66 13 133 121 29 135 16 112 120 59 131 22 142 141 54 92 33 35 95 119 109 84 78 42 30 12 83 143 106 48 132 46 43 45 71 27 150 110 50 25 139 72 91 63 10 23 138 102 128 51 31 39 137 0 38 88 34 24 20 140 73 123 21 104 96 103 68 129 125 2 94 101 115 111 89 15 70 14 8 126 114 11 124 64 145 77 49 130 81 97 134 105 76 136 28 74 85 149 117 100 108 86 60 98 99 44 36 32 56 116 122 93 127 107 147 61 37 19 113 18 62 58 146 90 
27 56 78 47 12 151 44 80 61 42 73 101 54 25 7 37 144 95 39 83 129 2 114 58 70 141 100 77 122 143 90 32 82 111 126 148 53 36 138 1 62 29 35 99 8 22 132 66 75 123 107 92 125 38 94 52 106 108 31 4 16 13 6 5 135 48 71 118 109 9 30 86 26 121 24 150 81 116 98 120 76 91 28 33 140 74 119 68 55 69 19 23 60 46 3 105 131 87 49 145 146 89 40 45 34 79 85 50 110 115 133 20 136 67 57 97 104 127 128 93 137 59 17 112 124 113 103 96 88 147 134 14 41 63 10 84 11 21 65 149 64 18 102 72 15 142 117 130 43 139 51 0 
120 78 84 51 107 124 134 46 113 122 6 149 137 146 2 76 54 90 88 33 11 114 36 83 98 9 93 77 57 20 26 96 104 81 85 60 30 126 69 14 101 87 129 121 112 35 110 31 139 15 5 66 48 8 95 102 22 150 27 65 91 100 105 131 4 111 145 19 32 144 43 99 75 52 82 92 13 29 73 148 86 106 23 18 117 62 16 127 133 97 56 119 140 128 24 41 68 50 34 3 109 63 147 132 28 49 79 39 12 116 118 103 64 80 72 38 59 47 40 108 71 94 67 55 74 141 70 151 138 10 53 135 37 115 142 130 21 136 89 1 17 61 42 44 123 125 7 0 25 58 143 45 
96 2 138 114 23 147 122 107 67 84 90 15 17 34 123 145 149 146 144 117 40 21 41 98 127 85 150 99 128 52 148 151 39 83 16 9 129 79 60 82 43 72 109 130 97 45 14 12 51 49 89 112 69 131 20 78 91 137 141 135 102 22 65 68 134 106 124 136 140 0 125 143 88 1 111 36 93 92 4 76 101 115 77 66 59 118 3 110 55 57 56 25 28 63 30 19 62 70 42 139 132 54 33 26 73 113 47 44 116 81 120 11 100 64 87 86 121 50 48 80 6 5 27 103 75 35 46 32 71 18 58 53 105 95 108 37 126 133 31 104 94 10 24 8 74 29 38 13 119 61 7 142 
66 104 98 118 96 93 110 106 95 75 150 45 149 2 0 81 111 22 34 18 80 144 33 11 142 116 38 134 83 121 84 122 50 10 72 12 57 13 73 54 87 71 30 123 97 119 136 41 133 124 5 100 108 25 140 42 103 79 69 9 24 26 49 130 85 36 125 29 3 109 35 59 145 88 131 23 46 43 138 64 112 55 92 137 31 17 7 78 20 105 82 132 39 147 91 126 74 101 68 127 90 28 27 37 15 1 128 44 151 60 148 129 48 107 40 14 86 141 67 76 65 114 89 146 53 62 32 135 52 102 115 47 120 8 51 139 117 113 21 94 16 77 70 6 58 56 4 99 19 143 63 61 
84 132 139 30 19 25 42 77 44 88 116 27 57 106 118 87 70 41 32 47 8 14 67 33 108 112 62 141 52 45 16 17 102 26 125 117 148 89 107 46 140 1 146 91 36 72 74 137 142 59 51 13 134 0 136 103 119 101 75 48 133 130 111 144 122 121 97 71 39 105 149 115 24 58 49 109 7 18 93 98 12 31 96 63 55 2 54 73 151 100 15 147 90 50 11 68 99 28 129 37 124 128 10 81 110 22 79 123 43 66 150 145 114 76 80 92 64 120 38 69 86 83 34 56 53 35 135 65 20 82 78 29 138 143 5 95 127 3 23 61 94 126 60 40 21 9 131 6 104 113 4 85 
41 17 60 50 47 21 89 141 55 51 90 54 134 94 35 39 117 12 84 26 135 143 63 14 42 128 105 48 81 111 115 99 57 125 119 85 43 56 34 116 52 46 129 20 29 132 120 133 82 13 131 22 124 15 121 140 106 101 95 65 127 8 113 100 109 122 75 70 114 144 150 107 142 83 69 77 145 62 110 126 3 44 118 92 93 136 96 88 108 68 64 72 49 0 149 37 10 27 86 71 25 123 11 61 53 23 19 67 130 58 103 73 80 97 137 147 28 87 18 24 38 112 151 102 66 138 148 104 7 74 5 33 78 79 139 30 31 59 1 98 32 146 40 76 91 45 4 2 36 16 6 9 
51 139 19 141 28 129 103 17 108 82 3 106 10 25 109 26 32 35 78 54 4 150 41 46 57 133 80 66 79 101 119 21 67 37 42 136 130 87 140 7 72 12 24 83 144 125 29 115 122 53 30 52 124 92 96 113 56 123 45 55 85 131 137 22 116 132 104 59 121 99 44 9 11 2 112 120 117 89 111 74 20 23 50 107 94 47 81 146 58 60 76 27 126 0 61 14 75 135 147 31 138 151 149 145 142 5 18 95 128 90 8 68 65 143 93 38 114 69 40 127 33 63 88 110 36 73 91 118 86 148 15 105 71 49 39 64 97 134 62 1 77 16 48 43 13 6 102 84 100 98 70 34 
45 101 63 145 60 40 126 99 108 112 140 4 85 79 73 130 21 19 31 14 125 91 32 111 11 29 15 3 59 134 147 43 132 105 10 0 52 84 139 13 33 72 151 129 67 77 86 78 138 120 146 25 61 8 116 81 41 49 93 68 27 121 92 104 71 36 5 122 131 46 94 113 107 26 114 56 6 98 58 123 83 69 37 38 87 124 137 74 28 90 88 82 57 115 142 22 95 30 141 53 20 96 128 106 150 103 23 51 97 76 144 133 148 65 9 16 118 75 50 47 55 35 24 66 102 136 42 7 100 80 12 119 1 89 48 135 117 39 64 2 18 109 17 62 54 149 34 110 143 127 70 44 
96 95 127 12 25 36 125 118 55 54 135 89 137 86 133 39 97 126 140 38 87 22 13 103 107 52 78 2 114 98 7 104 27 74 69 122 35 40 11 24 9 49 3 144 151 109 108 15 132 43 46 128 124 6 68 90 113 72 66 112 50 76 17 88 80 60 37 8 139 45 75 53 84 77 146 119 110 145 0 116 30 28 70 82 21 115 33 142 92 131 26 57 29 63 51 94 56 1 148 65 105 123 129 61 106 47 136 83 64 42 58 48 93 100 149 121 73 71 41 143 67 4 31 99 102 20 134 10 101 32 44 117 59 141 138 34 14 147 79 81 91 130 62 150 111 120 16 85 23 18 5 19 
30 102 31 143 58 150 10 67 28 54 132 119 131 90 98 86 85 129 151 11 20 70 59 84 113 146 50 121 124 137 130 56 41 48 44 141 105 91 99 40 2 109 37 68 16 72 8 66 9 78 82 74 123 95 101 92 71 49 108 47 15 122 117 23 25 126 112 64 42 120 142 87 53 133 55 22 43 89 88 136 139 118 38 134 21 147 93 5 60 140 3 29 62 116 32 18 125 75 12 77 79 39 46 57 14 27 80 100 24 61 17 33 110 106 73 7 83 69 26 94 145 115 148 104 19 128 97 127 36 138 149 144 103 52 63 135 13 111 81 4 107 114 1 96 35 51 0 65 76 34 6 45 
149 82 21 147 112 76 23 129 151 105 52 13 78 9 58 53 43 66 123 50 117 150 92 115 93 118 12 81 113 141 95 5 39 17 108 84 148 68 131 137 142 45 56 7 35 120 125 99 87 63 107 71 59 97 3 102 46 143 34 24 37 72 40 36 121 133 1 109 145 126 140 94 18 38 16 29 135 114 73 64 44 27 4 98 67 77 90 41 111 88 20 33 42 138 48 10 25 96 65 75 30 136 110 100 83 6 32 130 134 69 103 146 80 116 122 139 101 57 127 55 79 47 106 28 85 119 22 62 31 49 124 104 74 19 51 91 0 8 54 11 70 60 61 86 144 89 26 14 2 15 132 128 
42 73 1 87 10 130 75 149 108 105 7 28 44 142 55 97 32 30 63 3 38 36 54 126 26 17 65 12 134 20 71 101 11 86 5 21 99 138 27 123 35 25 144 132 14 106 139 127 148 64 72 117 89 51 111 24 129 74 83 37 114 43 137 92 61 133 31 57 151 58 98 77 115 19 88 103 50 41 82 131 91 145 120 122 62 47 143 84 78 46 40 147 0 48 146 124 93 70 112 56 94 141 13 8 140 69 95 6 118 39 104 96 113 68 49 136 150 16 23 102 45 100 29 121 18 135 81 33 34 4 79 67 52 90 128 116 9 2 109 80 125 15 110 85 60 119 59 53 107 66 22 76 
