159 100
119 12 75 56 129 154 58 104 157 44 109 122 7 26 65 54 96 29 81 84 45 117 5 124 48 16 39 20 92 93 79 2 63 53 0 17 130 36 89 110 71 142 128 37 42 21 123 43 67 14 113 144 34 151 115 155 47 24 61 94 100 116 55 85 25 158 11 137 68 146 78 74 138 70 86 98 114 64 28 4 15 10 27 40 31 57 77 125 80 135 107 22 87 19 141 127 30 143 8 134 126 131 82 106 101 72 46 148 83 60 50 156 120 132 90 108 105 88 38 18 149 73 49 111 145 152 97 35 69 91 139 153 95 3 41 112 99 121 1 62 51 133 59 66 23 103 150 32 140 102 136 52 13 9 6 118 76 147 33 
121 89 4 39 0 46 118 94 145 88 112 77 115 123 133 37 142 144 149 18 114 53 41 2 119 158 75 90 79 50 102 65 141 120 105 136 91 93 5 86 110 85 82 128 138 116 73 57 61 152 14 51 68 26 122 125 9 71 33 1 67 84 135 48 103 44 54 140 11 70 45 52 29 15 150 72 111 58 59 95 117 8 124 109 156 28 24 74 32 25 127 148 6 23 113 47 126 129 98 147 56 107 151 69 153 3 101 130 66 16 139 13 157 31 134 78 62 92 49 22 76 43 87 17 12 100 155 146 106 63 19 27 30 97 34 108 132 96 42 35 154 7 83 40 20 81 60 104 99 64 36 80 143 38 137 131 21 10 55 
129 94 130 34 67 18 117 135 125 149 131 35 95 92 23 108 48 71 81 1 78 86 21 69 57 143 28 145 52 16 150 122 41 75 123 144 146 74 120 29 93 47 152 43 5 61 13 97 73 10 70 7 111 27 37 33 2 79 132 84 153 158 105 32 109 156 65 99 14 22 142 54 55 121 59 112 114 49 124 20 38 88 17 72 8 26 139 96 154 127 119 102 50 138 58 15 24 116 68 137 62 101 0 115 42 25 66 155 80 83 56 85 141 11 98 133 147 118 9 110 12 148 134 4 151 53 89 126 46 76 39 113 140 63 64 87 30 51 3 103 107 157 90 100 106 19 104 6 60 91 128 44 45 40 136 82 36 77 31 
120 92 46 60 83 43 68 28 130 63 49 132 109 5 13 101 71 99 48 32 34 64 61 121 42 80 152 127 96 65 50 4 22 125 112 70 119 98 62 7 89 79 81 85 9 129 93 86 124 16 44 143 26 39 131 77 146 122 151 66 126 142 88 104 123 111 57 155 36 47 94 10 2 82 128 53 105 100 158 116 3 147 31 19 91 90 106 41 29 20 113 107 54 134 14 0 74 141 76 95 149 37 144 145 18 140 75 156 40 84 69 150 108 114 115 78 25 157 23 136 51 67 38 24 153 21 103 33 8 11 6 73 118 138 135 52 59 56 133 97 137 55 148 27 58 102 87 110 1 117 72 154 12 30 139 17 35 45 15 
81 58 129 137 136 52 157 19 138 65 121 156 64 67 112 34 146 82 45 0 2 113 13 3 99 102 88 10 78 80 108 76 9 135 103 84 86 39 123 118 17 11 134 147 42 12 92 51 143 89 145 48 68 131 5 23 154 25 71 33 15 43 141 97 115 116 44 125 128 21 70 46 20 83 69 153 4 30 111 63 144 77 61 158 53 132 57 142 106 109 22 120 26 96 55 87 149 126 40 54 110 6 8 32 14 122 150 117 62 151 105 100 107 133 91 94 1 60 31 27 79 139 24 18 130 104 114 90 85 155 75 140 56 16 7 35 29 101 38 37 74 50 124 73 28 93 66 41 127 152 36 95 72 148 98 59 47 119 49 
76 58 69 41 63 139 124 71 83 56 1 141 54 75 106 104 79 49 123 137 4 40 84 28 150 87 154 105 99 132 0 66 36 27 117 31 103 13 18 5 156 96 23 48 144 153 158 102 3 98 24 68 128 42 131 70 145 119 20 130 142 74 34 52 19 47 50 65 126 67 152 82 101 43 60 59 17 22 115 80 110 10 51 116 85 12 33 107 78 133 138 127 6 89 53 136 32 109 62 148 155 111 118 122 55 64 30 14 125 100 46 35 134 93 114 151 120 73 72 146 112 37 29 38 129 11 147 135 92 61 57 149 108 157 44 121 97 26 113 91 39 9 81 25 77 21 8 45 16 95 86 143 15 90 140 88 2 94 7 
69 151 63 46 26 31 147 8 17 142 35 55 109 15 23 148 25 11 124 68 78 47 146 97 130 58 101 6 13 33 115 89 99 85 16 53 65 128 93 127 66 105 116 83 154 70 144 32 36 108 91 95 44 125 126 50 75 87 14 45 81 102 138 72 140 119 19 103 107 49 48 96 86 2 152 24 29 156 136 123 27 158 22 129 134 92 57 28 0 43 90 120 143 21 20 52 141 113 82 121 100 1 94 61 9 149 111 40 56 117 37 64 42 39 76 135 77 10 30 118 80 106 139 155 41 132 104 67 157 62 153 4 51 131 133 71 74 18 145 150 3 54 79 112 122 73 98 114 110 88 5 60 7 84 59 137 34 12 38 
132 61 25 96 138 59 155 27 82 2 69 122 113 53 137 125 68 81 119 144 133 22 98 156 107 157 6 154 5 16 78 15 106 57 84 40 60 44 39 52 24 65 20 38 3 139 73 51 87 129 8 14 141 123 43 92 94 4 74 142 71 110 114 29 85 9 72 118 47 153 10 146 103 90 116 147 151 150 91 18 0 34 77 67 26 108 12 46 32 17 112 23 109 37 80 126 134 104 100 130 66 30 64 152 62 158 36 124 140 131 83 97 136 48 35 11 50 148 101 75 105 121 149 76 99 102 95 55 143 13 111 115 1 117 21 45 79 128 135 28 54 93 41 89 49 70 33 127 56 86 120 42 88 145 58 7 31 63 19 
82 4 68 5 138 63 83 119 151 51 6 42 154 19 70 139 145 128 121 84 54 32 35 147 30 116 149 20 23 125 45 69 2 47 25 22 131 101 33 11 111 98 61 62 71 108 146 49 100 96 59 55 88 122 156 157 127 85 87 124 94 14 148 43 39 143 105 31 48 56 134 10 26 117 103 78 79 112 93 107 44 52 155 36 133 86 46 66 92 12 142 53 37 15 13 89 57 118 95 50 114 99 144 109 3 137 73 123 8 77 29 58 102 1 120 97 27 150 76 158 38 153 80 0 7 110 104 126 90 60 18 91 130 141 140 113 75 72 41 106 115 34 17 16 28 132 129 9 24 64 65 81 136 21 40 74 67 152 135 
147 137 41 27 20 1 134 102 97 30 68 63 127 37 90 98 100 94 34 33 120 107 42 88 65 7 125 18 89 25 140 71 49 55 115 123 6 66 119 95 145 143 29 36 43 117 9 21 54 10 129 87 150 153 13 0 86 73 81 158 4 154 118 131 103 144 44 82 53 148 121 156 28 32 130 58 152 31 138 139 35 92 105 111 128 48 67 50 149 78 75 19 151 157 83 126 76 11 57 62 70 79 12 8 5 84 61 104 101 93 15 122 77 80 141 142 52 112 45 47 135 113 146 64 96 136 38 24 60 114 56 106 2 22 85 110 3 91 109 72 40 14 116 17 74 99 124 133 23 108 59 155 132 26 46 69 16 39 51 
117 92 44 97 96 153 141 115 83 25 45 123 70 41 71 28 61 122 12 52 7 5 84 113 130 147 106 85 80 27 38 54 33 132 53 31 135 109 154 125 47 55 60 138 18 39 26 0 35 107 9 56 21 89 111 10 65 91 82 108 101 63 98 131 143 43 59 151 116 57 17 4 66 50 87 124 139 137 140 11 46 67 95 81 34 30 19 146 90 126 37 3 142 114 32 75 20 133 77 78 118 13 128 148 110 158 69 49 76 103 74 152 36 157 102 8 121 72 22 6 144 120 16 134 23 40 14 112 104 156 58 150 48 136 100 15 127 105 155 73 1 62 51 99 64 119 79 86 149 129 29 145 42 94 68 93 24 88 2 
37 11 6 128 75 154 155 105 125 80 97 30 61 16 109 43 98 122 3 146 18 95 92 48 112 144 81 36 156 151 121 62 52 31 138 64 136 34 66 72 2 90 149 117 54 60 113 153 87 116 22 126 38 100 152 20 0 106 110 25 9 111 104 102 51 57 59 135 101 143 77 23 84 67 140 78 107 27 86 12 63 141 118 96 14 83 55 89 21 134 130 32 79 19 137 42 124 65 7 53 148 49 150 69 44 73 142 74 33 91 127 114 82 58 119 85 145 132 40 17 129 24 103 76 99 29 147 123 133 39 157 94 46 13 139 8 26 47 120 115 68 41 28 131 93 56 158 10 1 4 108 71 35 5 70 45 15 88 50 
135 102 39 45 147 121 25 127 119 50 125 101 74 89 130 68 28 110 54 81 93 153 41 30 52 133 141 96 157 19 87 76 94 57 151 144 48 83 150 142 109 79 155 73 152 69 136 131 108 10 118 58 20 24 78 63 105 42 22 70 56 61 33 51 12 27 13 146 120 47 104 1 158 111 143 148 65 37 46 99 16 23 8 38 145 62 4 115 90 112 98 134 84 53 6 44 14 82 3 29 64 128 2 106 103 40 114 77 149 85 55 129 75 80 138 49 122 5 60 9 7 156 67 86 132 97 59 100 34 26 124 126 18 43 137 154 66 31 92 21 72 91 139 36 123 116 71 0 95 88 35 17 11 15 32 113 107 117 140 
43 67 38 36 143 117 71 29 85 33 51 17 106 119 30 74 23 98 82 62 131 134 48 35 142 129 55 80 122 41 111 46 78 149 110 69 13 60 10 141 97 22 145 45 79 49 133 109 87 47 18 96 147 77 136 12 4 6 1 154 152 27 14 115 128 157 126 0 112 105 118 59 9 76 99 24 90 132 139 11 150 39 144 88 156 94 40 25 121 114 124 56 64 125 158 73 32 72 151 68 2 135 84 37 107 140 155 21 20 75 153 86 102 113 58 7 42 8 57 66 5 104 103 108 63 116 19 61 50 3 83 100 81 70 127 52 28 93 44 53 54 91 92 26 65 31 16 123 34 15 148 138 137 89 120 101 130 146 95 
77 110 15 88 39 81 66 134 26 116 103 11 70 127 124 69 40 2 101 36 148 86 152 7 73 32 119 121 84 28 46 75 142 61 62 67 129 95 93 43 123 18 50 140 44 94 37 139 157 29 49 47 12 74 59 17 107 19 63 38 78 151 64 147 4 35 153 146 1 104 71 108 131 90 54 23 68 113 150 154 53 136 120 20 144 41 92 111 99 83 25 149 3 31 114 118 10 109 102 85 135 55 96 133 80 82 0 137 65 117 145 22 128 45 115 112 57 155 79 143 14 106 27 87 138 56 24 52 76 34 158 33 60 16 132 72 48 126 8 91 100 13 5 105 21 6 141 89 51 58 42 30 130 125 156 122 97 9 98 
41 63 11 1 45 79 42 59 133 35 120 27 26 157 82 31 36 85 98 141 71 68 158 32 34 28 97 129 96 111 30 100 37 127 140 142 102 25 24 9 107 57 88 46 138 65 21 67 130 91 80 113 54 74 128 122 119 94 156 95 14 124 29 44 13 72 53 43 19 101 117 55 116 149 6 49 17 64 143 134 56 154 89 39 109 84 132 152 47 148 87 110 125 61 48 115 92 50 105 52 112 155 153 150 69 137 93 77 58 62 33 145 18 147 104 15 73 51 70 4 38 23 144 146 75 22 12 139 151 7 114 121 135 78 66 0 126 3 5 118 8 10 83 76 136 60 103 40 108 106 81 90 2 123 20 131 86 16 99 
91 131 113 52 90 75 4 155 65 122 136 95 158 20 80 16 115 86 24 38 15 7 5 63 6 118 48 93 109 55 156 130 36 11 10 111 0 79 32 128 72 107 64 125 22 84 2 89 106 71 73 61 154 19 30 45 82 27 148 98 62 121 47 21 67 37 40 129 78 97 141 144 26 13 53 138 42 119 81 49 77 87 120 92 101 134 151 85 33 94 147 102 35 56 146 50 100 132 133 43 8 51 110 39 117 46 68 135 44 116 3 124 143 18 103 105 96 23 157 153 9 137 140 83 114 70 31 149 74 60 142 69 25 139 127 28 34 99 17 112 145 88 104 29 66 58 14 123 54 12 76 1 108 41 59 150 126 152 57 
66 152 134 103 86 111 133 27 32 17 119 110 127 28 8 69 125 158 71 155 124 4 47 64 129 18 84 96 107 151 87 43 105 94 12 138 44 22 34 114 100 128 73 130 6 82 117 14 9 118 45 123 112 51 77 33 39 31 91 36 13 153 58 106 61 46 115 41 132 26 35 59 29 108 0 102 126 1 38 80 20 65 16 149 10 116 101 49 54 144 52 72 156 121 70 93 109 99 21 63 141 68 30 75 62 42 113 139 19 23 143 90 76 48 55 145 137 83 53 57 60 146 148 140 25 2 50 147 150 136 7 74 3 56 98 11 92 135 97 122 88 89 95 131 40 5 79 154 37 85 104 24 81 120 15 157 67 142 78 
16 127 20 23 39 99 66 57 70 52 31 40 43 65 32 14 88 37 98 15 102 29 64 80 34 141 113 119 152 76 50 149 25 148 129 35 61 19 96 45 48 142 154 12 94 135 1 117 53 120 74 143 62 79 69 107 92 59 27 2 123 72 7 126 51 124 84 139 5 140 11 133 49 28 83 75 114 121 38 156 44 4 110 10 134 67 158 145 42 90 54 144 125 89 3 47 116 86 132 85 151 87 56 8 26 63 136 115 103 97 0 105 157 41 130 33 36 138 118 68 128 22 150 147 95 17 6 58 104 13 108 109 73 137 30 82 60 71 106 153 81 111 101 131 155 46 78 91 146 93 77 9 112 21 18 55 122 24 100 
98 53 36 25 75 149 34 5 127 41 86 54 51 83 27 7 68 116 50 89 15 100 138 157 124 14 119 104 57 17 67 113 96 147 13 19 72 2 23 107 106 32 99 150 3 111 143 56 128 45 126 84 18 78 131 48 66 148 58 114 141 26 1 118 39 103 139 47 132 62 30 115 108 65 20 29 136 85 110 42 60 105 38 0 151 43 91 77 22 74 8 123 125 40 102 156 21 52 70 146 37 24 59 73 6 69 133 158 93 76 120 122 33 117 88 129 81 101 144 140 94 152 28 153 142 134 31 130 71 9 155 55 90 80 12 44 10 63 135 4 112 11 145 16 97 154 82 109 49 64 61 92 95 87 137 46 79 121 35 
158 101 65 9 134 91 31 145 12 21 150 7 32 147 113 149 94 20 156 64 6 119 40 131 51 143 144 50 49 137 71 112 124 59 58 15 34 92 80 127 76 68 75 139 55 17 87 1 116 57 83 104 54 84 44 140 69 18 78 23 93 70 115 141 81 30 67 98 43 56 133 123 66 38 8 36 77 11 148 14 22 26 39 89 118 111 155 96 121 85 48 128 41 10 142 82 153 3 73 47 122 16 99 132 135 60 114 125 72 33 28 102 107 103 108 157 29 105 63 13 24 154 35 95 0 27 90 53 4 52 2 120 74 42 45 110 136 97 151 152 62 88 25 126 37 106 79 129 19 117 46 86 109 130 138 146 61 100 5 
104 97 33 36 156 64 108 151 125 63 95 42 77 152 9 126 21 61 145 146 149 50 113 89 87 121 68 128 83 67 136 20 39 59 133 98 109 140 60 14 52 88 114 75 4 24 158 53 155 29 22 100 81 139 122 12 111 48 43 107 18 72 150 41 46 44 154 34 5 129 82 55 80 76 78 92 138 73 65 71 30 26 0 57 141 117 101 23 45 32 40 17 49 13 69 15 116 134 86 127 58 132 119 93 1 38 16 118 79 112 11 103 84 56 7 37 62 35 2 51 157 144 94 54 120 115 148 110 131 19 66 25 137 123 142 70 143 96 8 74 105 47 91 27 106 102 28 3 130 10 85 90 99 31 135 153 6 147 124 
50 63 100 133 106 122 105 118 27 130 39 22 61 140 132 70 117 46 69 45 32 142 101 11 62 52 112 53 79 68 7 84 29 37 119 120 96 78 131 86 129 35 64 125 21 49 15 16 143 141 92 17 74 155 73 44 41 93 127 87 77 145 157 3 26 54 85 90 135 6 109 14 156 146 55 25 136 47 20 121 80 4 33 138 24 95 1 94 60 56 30 82 154 137 134 116 38 149 9 115 114 88 128 40 5 113 65 51 91 110 103 152 107 99 57 144 158 108 12 36 13 66 0 153 67 76 71 147 72 89 42 98 139 10 111 148 58 34 126 123 59 2 31 28 97 18 124 43 104 150 81 8 75 23 48 83 151 19 102 
47 86 132 151 98 15 135 114 10 150 146 77 53 129 3 40 102 52 38 78 6 108 58 61 43 14 88 83 0 80 50 4 157 57 138 136 64 51 117 35 143 113 81 123 76 147 154 33 60 85 21 149 92 94 11 87 48 45 75 65 26 155 31 24 126 49 96 93 128 39 115 71 13 2 55 82 8 118 141 63 152 37 109 42 44 22 70 69 103 127 134 107 131 7 28 120 95 140 145 34 84 29 100 139 62 133 125 46 66 106 25 74 158 17 54 90 1 12 41 23 19 116 5 97 124 20 67 153 104 72 9 142 137 105 130 36 16 156 99 144 112 119 73 79 89 111 91 56 59 121 148 27 110 122 18 30 68 101 32 
112 90 139 61 48 14 57 38 111 63 130 99 24 145 47 39 66 65 49 25 7 0 107 157 155 31 2 30 29 73 84 91 102 150 72 67 82 70 126 37 55 158 135 41 108 19 101 22 122 117 68 134 151 88 52 80 8 11 146 20 86 40 115 76 10 16 51 154 58 34 27 131 114 105 129 89 56 94 74 81 128 141 6 124 43 118 149 36 142 45 15 127 87 54 144 148 50 28 78 59 4 62 132 152 97 46 69 156 120 153 123 18 12 138 119 103 77 64 9 143 100 53 137 1 60 5 93 121 35 140 110 133 44 136 75 125 33 109 21 96 32 147 42 23 85 95 106 17 92 113 104 116 13 79 26 98 71 3 83 
92 66 91 87 6 78 155 129 137 33 22 2 134 82 136 62 108 7 72 1 146 46 52 145 67 144 11 89 4 83 13 45 32 15 84 114 86 23 158 19 97 28 68 99 151 157 25 111 39 139 20 10 135 43 41 130 112 59 105 57 156 51 27 30 117 109 36 0 5 35 69 140 56 126 44 34 110 149 64 75 81 107 154 121 104 58 128 37 122 73 16 119 38 70 103 63 9 127 142 29 12 120 49 113 71 152 40 18 53 132 54 61 93 60 74 42 153 150 101 79 115 95 85 26 143 31 116 94 141 21 96 24 147 148 80 17 102 118 100 55 106 48 76 88 124 47 123 50 8 77 125 65 98 14 3 90 131 138 133 
66 98 28 134 121 69 53 24 1 142 74 133 30 92 112 128 21 26 150 115 123 25 124 91 39 35 114 72 52 29 80 129 90 77 57 151 88 119 31 84 49 130 118 46 56 48 137 33 157 14 32 60 158 27 8 105 34 2 96 65 19 103 16 4 40 147 45 148 101 20 154 23 102 38 138 36 139 58 136 68 87 113 44 109 12 122 127 153 104 132 149 70 110 144 50 145 7 76 97 13 155 3 94 95 42 79 63 73 135 116 126 125 89 108 15 67 99 107 10 152 143 140 93 131 62 146 83 47 41 111 85 59 82 117 106 156 6 54 71 64 0 18 43 22 37 75 141 100 78 81 51 11 55 9 86 120 5 61 17 
29 19 89 47 13 144 20 72 52 121 141 136 138 8 73 74 134 140 116 82 119 115 39 79 101 153 130 102 10 51 106 114 70 59 111 83 22 60 40 150 127 118 78 53 105 139 81 5 24 123 46 110 65 30 126 80 54 151 11 137 35 149 99 37 55 87 67 49 56 92 133 124 97 71 15 0 45 142 158 14 48 18 93 84 145 155 128 58 9 64 86 88 12 125 32 107 91 108 122 66 1 25 27 69 76 38 96 75 112 113 148 34 63 146 16 152 28 62 135 117 120 104 57 143 4 31 103 44 109 94 132 17 68 7 156 36 6 23 43 3 21 77 100 2 147 41 95 85 157 42 26 131 129 50 61 33 98 154 90 
18 94 71 121 36 102 129 138 86 73 81 39 142 154 60 146 43 82 35 42 136 108 85 90 7 74 21 123 158 113 72 59 47 119 3 88 128 63 107 155 64 156 105 78 50 46 137 135 17 6 65 132 80 4 148 93 10 2 79 25 45 131 117 66 19 126 58 48 38 152 41 57 110 52 8 99 69 30 12 115 20 75 22 101 29 5 51 144 16 139 0 83 103 134 61 96 68 33 70 14 54 95 111 15 124 31 49 11 56 100 27 44 23 106 151 53 104 91 112 122 97 140 153 109 1 34 13 120 133 130 145 32 62 55 92 127 40 87 77 114 84 9 118 116 26 149 150 28 98 76 147 143 157 125 37 24 89 67 141 
120 1 149 10 45 11 6 4 131 67 15 5 95 83 49 23 43 122 150 81 79 69 93 143 139 128 113 35 78 18 137 118 91 134 38 37 32 103 77 63 127 34 151 53 155 142 65 111 145 28 58 16 20 121 106 42 86 153 148 100 156 30 61 116 50 48 57 89 84 126 99 44 157 98 27 22 80 62 147 154 144 19 21 54 96 13 24 82 8 152 88 108 136 47 51 7 133 0 74 52 129 90 41 33 109 76 107 3 115 55 12 130 102 141 85 39 40 140 138 71 123 105 125 26 146 14 112 25 36 104 158 73 110 75 31 117 87 70 97 92 119 72 29 60 66 9 124 17 56 94 68 135 132 2 114 59 101 64 46 
27 142 103 131 109 107 137 71 90 108 156 129 32 93 12 116 97 5 119 47 68 138 37 115 136 80 114 0 15 55 35 151 41 69 4 144 50 61 92 77 139 87 135 52 17 112 120 106 56 11 2 8 42 25 75 36 101 155 16 150 60 128 132 57 148 123 111 89 73 18 53 94 3 10 81 49 154 9 96 23 7 140 74 39 43 21 118 45 104 51 88 14 84 76 31 82 105 78 38 65 19 141 29 34 54 124 130 48 83 125 99 95 6 145 28 44 126 26 152 58 62 86 153 22 134 113 63 1 59 98 149 157 121 66 20 24 33 127 158 64 143 72 91 146 67 40 70 13 147 122 30 110 102 46 100 85 133 117 79 
49 90 17 75 48 16 71 142 27 7 104 131 3 0 136 32 122 58 53 76 23 155 151 38 93 100 134 84 22 153 146 55 21 73 148 85 33 87 157 125 66 119 98 25 144 88 18 118 34 15 81 107 44 57 129 52 86 72 35 139 80 138 74 116 115 140 106 94 95 126 6 78 46 70 19 37 97 45 109 77 50 69 11 127 54 67 113 108 114 10 41 82 8 61 47 158 62 101 79 96 89 83 103 92 20 133 60 63 64 26 111 147 29 24 149 1 13 68 56 30 102 145 39 154 130 99 4 28 123 117 143 120 14 128 43 156 110 105 40 9 12 132 2 91 42 112 36 51 5 150 31 141 137 124 65 152 59 121 135 
143 38 97 21 54 57 17 95 39 145 119 67 120 157 141 40 81 156 150 96 1 18 16 28 92 26 24 41 0 110 86 13 3 70 75 65 130 99 30 23 49 89 100 56 6 8 151 135 118 122 115 158 63 9 82 121 50 19 27 137 104 155 124 34 25 134 125 152 109 48 98 131 148 7 5 87 79 51 153 84 68 53 72 80 47 31 101 44 76 88 138 69 42 71 132 43 20 59 66 113 4 127 74 103 29 154 133 33 126 107 139 117 22 78 61 55 62 114 10 112 147 123 108 2 128 83 106 15 73 129 85 116 58 77 46 14 144 105 111 32 35 64 45 93 140 102 60 136 90 36 37 91 149 142 12 52 94 146 11 
23 147 40 39 148 59 114 112 129 18 139 152 100 55 87 142 117 51 60 7 80 92 68 126 83 34 16 95 41 115 93 89 84 101 86 143 65 96 64 98 107 127 29 145 111 137 72 138 3 47 158 103 19 2 54 150 66 46 6 81 4 125 130 42 26 71 24 91 13 146 128 149 77 104 57 38 144 122 120 15 94 35 31 70 121 78 12 157 154 52 21 124 50 20 75 28 97 0 11 99 32 14 63 36 102 153 105 136 61 132 8 48 140 116 134 1 106 155 45 43 135 85 79 25 110 88 69 62 119 9 113 82 131 118 108 33 67 27 151 58 76 90 133 49 109 10 30 22 74 156 53 17 44 37 141 73 56 5 123 
10 146 157 134 82 12 156 83 8 123 119 128 90 72 106 110 52 15 135 88 84 49 125 85 21 130 38 80 39 137 55 95 50 68 7 140 60 109 100 75 30 70 22 28 122 112 152 136 118 3 1 139 103 97 111 13 150 31 51 143 77 69 127 35 71 81 47 99 48 151 153 154 67 155 41 138 120 124 27 18 44 14 66 116 32 107 115 23 5 11 24 76 86 4 144 108 129 89 37 64 92 61 87 126 78 0 131 17 36 65 117 98 45 20 94 142 57 6 62 43 102 147 148 29 53 54 91 34 73 19 141 93 145 105 113 158 33 96 104 16 58 101 9 25 59 149 2 56 42 46 132 133 114 40 74 26 121 63 79 
90 153 58 85 145 103 134 34 89 118 4 29 132 96 37 26 97 39 65 72 5 64 94 31 148 60 25 105 52 77 115 113 131 144 142 154 76 98 128 22 46 110 1 33 88 18 156 150 120 114 56 49 24 99 68 30 152 130 100 86 122 112 69 135 70 119 108 121 55 54 102 41 75 35 82 11 47 42 20 95 7 116 67 50 10 140 81 6 133 139 91 51 83 129 40 43 107 57 14 53 61 78 141 155 146 74 104 123 151 38 12 3 13 79 8 23 44 19 62 126 101 138 124 109 87 15 149 80 9 157 36 28 125 45 21 147 143 17 59 63 106 84 92 32 0 66 2 48 93 111 71 127 158 73 136 16 27 117 137 
141 101 24 6 28 103 66 39 68 87 53 100 36 74 72 150 8 153 86 82 84 63 9 60 46 50 7 64 81 54 133 96 42 67 156 21 34 154 129 93 140 112 69 16 37 1 75 151 111 115 94 17 45 157 97 19 158 130 31 117 14 113 102 128 27 88 58 2 57 71 83 127 20 107 0 114 44 105 110 23 143 51 155 12 116 49 11 125 147 25 144 99 73 139 136 26 55 80 38 59 121 77 119 124 62 30 22 43 131 90 70 3 48 29 98 35 65 146 40 135 89 33 79 132 92 138 108 118 10 91 18 85 56 104 106 126 15 32 149 142 148 52 13 41 4 134 76 152 123 122 137 5 120 109 95 61 47 145 78 
149 76 102 72 36 45 155 117 38 112 107 39 139 146 58 54 110 22 14 3 87 30 7 1 50 56 6 128 104 29 92 120 17 91 157 141 126 86 142 37 95 44 67 24 69 156 52 74 46 143 19 82 125 68 15 4 137 12 26 25 73 32 66 88 144 57 114 11 89 16 41 118 42 75 158 151 23 132 78 28 96 100 147 59 61 97 135 77 116 105 34 55 130 113 145 140 123 27 93 124 84 60 83 51 43 80 99 111 35 122 148 63 64 121 119 5 150 33 134 115 129 79 20 53 8 106 153 154 65 109 21 108 70 2 18 98 103 10 49 71 90 101 133 40 94 47 136 62 81 152 85 127 138 131 9 13 31 48 0 
94 131 48 28 129 40 53 50 72 36 19 60 89 44 81 79 4 91 136 42 112 124 52 0 15 13 38 123 150 1 55 144 117 35 118 59 100 155 12 22 51 31 11 24 9 78 140 49 3 107 34 138 141 76 14 33 158 73 139 132 142 143 125 32 62 29 152 39 90 84 17 16 63 147 64 67 85 119 153 135 151 21 23 71 104 5 102 2 127 115 113 26 18 47 134 116 74 105 37 157 109 148 68 137 87 98 46 86 106 66 88 54 65 130 92 43 156 110 93 69 75 58 145 111 146 120 96 8 70 101 45 80 122 95 61 27 154 103 77 25 56 10 30 133 7 128 57 121 126 20 108 6 97 83 41 114 82 149 99 
6 8 100 86 37 153 21 54 60 140 82 119 15 59 102 56 128 83 105 132 129 69 44 92 20 1 150 152 118 80 104 117 30 34 126 13 95 109 158 157 36 14 11 91 116 108 133 66 103 23 39 90 155 5 110 73 57 49 53 131 142 48 18 77 151 64 141 143 123 27 52 50 130 35 75 12 84 47 79 3 31 61 144 125 55 137 63 7 97 76 19 62 32 71 122 29 70 22 24 101 147 115 85 88 98 26 111 120 146 121 124 42 0 78 28 89 17 139 107 127 148 16 72 45 134 25 67 51 2 145 74 40 106 136 93 96 81 138 10 154 65 87 33 113 38 68 46 112 58 43 156 135 114 99 41 9 149 4 94 
131 51 55 130 108 77 63 20 8 85 81 134 148 17 86 143 53 9 61 73 14 27 132 23 152 21 105 42 136 114 107 99 90 93 106 66 70 30 34 80 26 119 83 116 43 1 38 79 101 146 149 125 151 67 72 71 87 16 64 150 115 13 91 28 126 74 5 88 59 154 102 92 44 41 110 65 49 155 62 94 24 11 76 120 47 139 25 147 128 144 56 142 112 40 122 100 29 52 3 2 135 157 31 140 10 18 45 82 121 96 46 133 19 123 48 39 78 69 113 57 37 137 124 36 35 127 15 95 54 111 118 58 50 153 156 103 7 141 129 89 104 97 158 109 6 84 117 60 138 12 0 22 33 32 145 68 4 75 98 
95 1 103 44 86 27 55 70 61 42 148 7 72 84 59 14 139 94 83 76 25 115 33 80 125 56 88 105 128 60 11 48 82 141 39 69 3 109 40 124 74 120 108 117 17 131 37 29 89 155 41 147 118 101 100 18 140 34 91 0 64 85 8 21 90 104 146 158 30 62 129 16 71 78 81 132 4 107 145 79 28 23 9 6 106 10 142 19 35 87 68 73 67 114 134 126 24 122 2 150 121 110 36 119 65 133 52 152 99 20 32 51 26 43 97 130 153 46 123 13 116 12 149 15 93 127 66 77 54 102 75 157 156 138 22 47 154 136 144 98 137 31 49 151 111 5 63 96 45 113 57 58 112 50 135 38 92 143 53 
97 8 23 105 5 133 104 150 79 7 29 135 83 88 102 143 42 77 56 28 120 76 36 93 114 145 32 123 53 75 122 48 50 30 148 21 10 40 58 11 25 14 26 64 108 140 111 112 67 47 3 51 119 146 71 61 121 84 130 65 81 60 44 116 87 154 101 156 59 6 94 49 80 157 95 147 62 19 98 153 43 70 69 103 72 41 99 138 152 16 13 57 63 118 52 9 66 17 132 86 139 24 144 110 142 4 68 31 137 89 124 117 2 155 27 158 91 39 85 109 34 100 141 33 96 107 45 54 128 90 127 113 131 115 20 82 106 22 37 12 18 73 134 74 78 149 129 55 46 15 126 35 125 92 1 38 0 136 151 
102 64 136 120 73 111 45 8 96 27 47 63 138 113 87 94 33 21 23 17 56 24 145 12 90 124 86 22 101 148 132 126 128 5 10 106 84 85 11 31 67 39 59 44 1 99 52 112 74 75 116 154 76 37 51 15 79 54 142 4 49 89 19 62 129 149 78 48 69 40 103 107 151 38 53 72 92 35 34 100 66 155 122 80 105 134 152 131 2 108 146 81 118 114 13 130 29 32 43 119 68 150 20 70 71 30 60 16 83 14 65 25 41 9 158 58 141 121 26 139 143 156 147 97 104 98 57 42 135 117 82 7 127 157 115 140 125 95 18 144 28 61 55 153 3 123 109 46 50 91 88 137 133 6 36 0 93 77 110 
95 122 29 37 58 112 91 145 25 74 7 149 80 65 61 85 60 109 108 57 20 96 62 26 32 44 110 78 12 97 66 153 115 64 147 36 140 24 83 39 120 113 38 14 154 93 135 72 2 11 86 148 87 16 101 18 82 48 134 141 138 43 53 17 130 143 19 76 52 10 118 4 15 131 5 9 99 133 132 31 126 46 47 71 116 123 51 137 103 139 114 124 59 50 30 75 49 125 54 23 128 42 77 94 121 146 150 40 45 92 70 69 84 1 8 158 107 55 100 105 157 102 155 28 119 152 56 21 79 6 142 3 117 73 90 151 81 63 0 67 98 68 104 136 33 22 144 111 129 34 41 13 89 156 27 88 106 127 35 
141 76 158 17 88 112 36 52 49 144 133 5 71 106 146 100 92 96 86 14 70 50 126 58 143 115 47 40 95 7 128 123 37 39 4 127 48 118 67 125 147 87 12 56 57 117 91 46 139 19 35 65 34 103 31 16 51 64 149 119 109 77 81 135 27 151 145 63 25 129 21 111 134 6 1 102 24 131 30 54 98 99 72 59 90 42 55 142 23 38 84 22 122 148 15 101 89 62 121 157 82 66 29 61 13 43 124 85 3 116 79 44 110 155 69 152 113 32 75 45 18 33 105 93 156 97 140 104 20 150 108 74 9 154 80 41 153 68 132 26 136 28 53 138 83 11 60 130 137 114 94 120 78 73 10 107 8 0 2 
49 92 120 54 90 59 33 20 69 134 71 65 19 115 119 136 60 0 25 10 139 123 11 124 44 61 80 144 118 108 74 77 105 117 22 64 37 104 138 131 98 150 53 126 66 140 28 127 40 86 94 149 1 76 158 82 155 47 116 81 135 95 63 23 34 87 109 85 38 142 78 157 32 56 151 97 14 21 18 143 41 125 24 103 99 6 52 141 2 148 15 36 27 114 79 89 122 111 4 152 31 113 45 153 132 67 35 96 154 112 68 147 110 17 75 39 83 107 130 100 16 48 156 102 121 73 88 84 29 42 128 72 50 8 145 26 93 58 137 43 12 57 146 70 129 7 9 13 5 133 46 30 62 3 91 55 106 51 101 
6 25 70 138 0 119 41 135 143 81 139 63 32 18 88 150 148 12 36 99 116 118 91 89 15 110 112 158 82 117 65 151 60 16 54 58 9 38 37 80 154 109 114 79 27 4 104 44 125 103 35 156 40 76 153 33 126 52 22 130 120 68 47 92 53 10 98 122 7 129 1 64 107 123 108 106 149 146 102 157 55 30 13 72 121 97 134 87 113 86 137 24 50 21 51 90 2 144 93 115 73 43 74 48 141 56 133 34 140 42 59 67 39 84 111 142 19 23 136 105 77 95 57 101 66 5 11 46 94 71 14 8 100 127 152 29 20 28 3 26 131 132 31 75 69 155 45 83 96 124 61 145 62 128 147 49 85 17 78 
116 126 110 26 11 109 152 66 136 107 78 47 131 108 119 75 118 43 130 58 105 8 46 50 68 155 102 12 96 133 153 23 10 123 56 59 24 40 35 89 138 97 13 104 157 84 87 34 150 63 61 33 143 48 82 122 146 55 99 129 4 52 29 79 83 38 120 53 98 70 81 86 127 65 88 21 93 85 62 14 134 114 18 140 6 0 100 60 31 30 103 2 19 90 42 142 44 37 41 137 57 121 69 3 95 92 154 117 17 139 156 9 125 147 7 76 91 45 132 80 148 1 54 64 20 27 77 115 124 149 51 28 22 158 128 151 111 25 5 36 112 72 67 101 74 113 73 39 71 16 94 32 106 15 141 145 49 135 144 
93 63 36 58 65 108 80 41 0 110 106 113 98 64 125 53 149 20 62 78 151 94 127 35 104 95 88 117 82 132 60 148 83 50 86 107 75 22 99 121 16 48 100 92 59 141 51 67 34 140 105 31 45 25 42 21 116 11 27 30 97 87 57 7 2 33 111 49 29 46 61 156 56 18 84 73 119 5 152 89 153 136 123 24 13 133 101 135 38 118 15 122 145 17 142 157 14 37 9 69 40 128 129 155 1 54 139 55 126 138 112 70 146 32 68 147 124 144 77 47 91 72 158 19 44 66 131 6 115 74 12 150 79 137 76 143 71 85 120 96 114 3 90 23 10 134 8 26 4 28 109 154 43 102 103 52 130 39 81 
56 18 66 110 47 154 55 131 74 75 14 152 85 27 61 28 115 68 59 0 95 108 126 33 64 78 60 138 109 100 156 6 62 153 145 21 81 132 89 37 103 13 121 16 104 48 9 71 114 118 88 146 45 128 140 86 8 107 34 116 51 123 155 117 67 150 70 31 83 82 120 23 53 49 102 12 44 105 111 130 98 91 69 32 113 38 43 42 25 41 134 58 50 80 4 90 142 26 15 77 22 94 149 24 3 76 1 63 72 19 35 141 125 124 101 99 112 158 20 57 36 11 106 79 136 135 143 129 2 52 144 5 92 93 119 17 122 73 29 96 133 46 127 157 84 54 30 10 40 87 151 7 148 39 147 65 97 137 139 
116 114 41 88 97 4 30 105 129 145 146 21 60 119 37 17 155 131 74 151 102 133 44 124 35 19 39 121 149 79 24 127 77 67 138 54 2 99 18 69 59 42 80 104 156 150 75 65 36 86 15 110 62 28 3 64 120 16 73 111 117 122 5 137 109 154 106 123 71 85 76 87 6 94 112 8 142 32 51 25 139 103 47 50 141 49 115 82 57 14 52 147 68 45 132 83 61 96 26 9 130 7 148 152 27 1 135 38 143 144 72 95 55 93 48 113 108 0 29 134 33 84 136 20 43 81 34 128 90 140 23 12 126 153 63 40 70 91 53 101 31 58 78 157 125 11 107 98 46 66 22 56 118 100 10 13 158 92 89 
145 97 58 37 63 13 110 131 95 55 156 79 125 9 121 128 130 134 101 89 30 50 51 102 120 14 113 18 29 85 61 24 62 98 17 146 36 94 3 8 70 1 148 35 2 157 92 67 88 132 7 138 42 38 11 20 19 104 135 6 105 15 68 99 32 49 96 127 41 144 129 115 65 60 12 59 78 84 152 109 133 74 141 53 114 54 150 139 16 75 83 86 76 46 123 118 107 147 81 149 40 28 137 33 52 122 22 44 26 48 56 154 91 72 136 106 45 124 87 142 69 100 116 73 112 153 10 117 23 80 71 82 119 66 21 4 103 151 108 155 39 64 5 57 158 77 43 93 31 126 0 143 111 47 25 34 90 140 27 
24 70 38 148 56 42 113 120 35 0 15 111 4 18 132 136 109 40 139 131 73 134 20 116 93 78 10 62 31 112 27 141 103 143 89 97 88 72 36 98 54 115 41 30 92 126 83 79 2 71 75 121 69 64 47 25 124 50 63 22 17 68 147 146 65 29 77 53 1 82 106 26 96 133 90 3 34 125 150 122 87 61 51 104 48 153 59 55 67 142 57 101 118 13 14 91 7 60 66 144 156 16 128 11 135 105 117 80 6 19 130 23 102 157 158 45 58 100 108 12 9 84 33 152 95 86 151 44 81 85 32 49 137 43 140 21 99 39 110 127 94 52 5 123 149 74 138 145 76 46 119 154 155 114 129 107 8 28 37 
54 86 28 33 142 91 119 0 6 32 24 79 146 30 7 20 37 151 38 135 19 14 17 89 104 129 147 53 15 105 150 94 136 46 43 13 51 100 149 115 78 112 117 156 34 103 62 66 113 134 23 155 141 68 106 52 139 144 40 85 132 60 65 26 133 56 5 140 120 73 145 138 29 16 41 76 108 22 125 75 109 114 9 90 59 48 101 77 153 110 25 158 11 127 74 154 83 97 121 116 126 130 1 63 58 99 128 123 61 55 4 148 122 44 93 95 36 82 81 57 42 98 10 70 80 3 107 72 118 96 157 45 88 49 131 152 27 35 21 71 87 92 2 8 12 84 47 111 69 102 50 124 64 143 31 18 39 67 137 
4 117 126 85 63 45 1 114 136 5 157 149 115 41 3 11 30 52 53 15 84 68 34 72 86 36 76 101 55 92 77 100 39 106 95 18 35 137 58 48 97 134 6 102 7 146 156 21 20 98 26 16 62 116 74 9 138 14 2 108 118 133 75 12 79 90 81 107 110 31 105 82 54 125 28 99 88 64 150 40 112 42 109 22 33 8 139 23 43 50 67 71 144 70 124 135 10 29 73 91 78 151 24 59 158 132 111 25 128 89 60 0 80 13 104 57 61 56 141 129 27 38 96 47 145 142 103 83 152 123 155 69 131 119 122 46 140 19 113 32 153 148 49 143 66 121 147 87 51 93 130 37 17 65 154 44 94 120 127 
71 52 114 21 25 37 49 125 1 54 27 132 106 130 51 76 82 73 147 14 139 18 110 91 123 6 117 83 90 5 116 15 108 30 154 104 105 158 3 143 74 72 97 120 32 93 33 47 85 38 122 96 124 126 142 87 100 140 111 152 31 70 109 61 149 86 79 156 137 115 102 42 62 53 128 16 19 36 64 8 113 4 136 2 60 57 43 101 121 118 56 29 67 150 26 107 144 151 7 46 17 131 28 141 135 13 69 146 89 103 12 81 80 59 77 133 129 10 155 40 45 55 11 78 94 153 66 92 145 22 98 127 0 99 75 35 39 24 119 9 88 20 84 148 65 95 58 68 63 112 23 157 44 50 48 41 138 34 134 
6 72 44 56 93 16 129 122 39 90 114 138 84 75 22 43 9 120 51 23 135 127 70 3 105 144 54 46 97 139 107 73 96 140 104 151 134 64 103 50 158 62 102 153 88 157 65 109 95 130 117 19 87 121 27 52 74 4 69 110 37 14 141 78 29 49 60 8 7 82 57 15 80 154 66 91 5 128 48 86 26 131 21 38 13 36 68 98 106 142 67 40 124 94 17 81 85 20 92 25 147 71 32 111 132 118 0 55 113 11 148 155 123 10 1 137 115 28 76 101 33 119 58 61 108 63 35 42 112 89 126 30 18 150 2 34 116 125 53 31 24 47 83 156 59 45 133 79 143 152 41 77 136 149 145 146 100 99 12 
154 106 34 96 22 49 107 124 141 77 57 132 122 73 153 91 71 47 6 100 37 149 32 65 115 68 33 8 109 92 51 53 117 120 59 52 156 79 125 41 50 3 103 99 119 30 105 148 67 95 86 121 76 101 62 54 74 13 46 89 31 128 28 4 114 16 116 88 29 82 10 138 56 110 55 157 129 14 147 35 139 45 146 145 40 7 2 135 20 21 78 90 118 64 123 144 18 26 134 111 75 104 9 158 58 17 97 43 44 137 0 102 36 136 142 60 140 108 83 48 155 98 5 66 69 150 27 24 127 15 19 130 39 133 12 87 42 11 25 1 81 143 112 126 70 85 152 63 80 84 38 23 93 131 113 72 151 61 94 
121 53 84 50 132 18 156 106 25 125 99 43 46 33 110 100 96 8 2 71 93 5 15 80 1 24 142 133 39 105 145 13 139 12 85 149 79 103 129 108 90 136 151 23 35 144 11 19 55 20 40 83 89 104 67 150 48 135 97 157 49 155 94 72 73 143 56 26 58 51 128 30 158 138 113 124 57 7 102 147 95 98 54 65 131 66 75 77 130 17 154 14 148 115 59 118 116 81 123 141 31 4 119 117 86 70 22 47 10 28 153 76 107 36 82 146 38 112 52 120 45 109 44 63 61 37 34 74 29 114 0 60 27 140 92 32 41 87 9 88 91 64 137 122 21 69 111 126 6 68 16 152 62 42 3 78 127 101 134 
104 54 74 62 111 66 122 92 121 158 101 90 0 38 100 34 70 60 10 46 18 155 76 57 55 49 78 133 154 151 125 120 47 3 86 157 123 41 1 132 16 138 63 150 65 43 11 23 22 26 9 103 130 95 25 152 84 147 94 59 148 97 137 72 91 14 42 4 116 20 98 110 124 83 79 6 40 12 53 19 36 142 127 80 33 107 117 149 119 109 35 140 143 96 58 102 105 29 52 28 144 50 13 136 85 156 30 146 131 153 75 37 68 108 126 17 24 139 31 69 99 81 114 128 106 115 45 88 113 87 32 51 7 64 5 129 8 82 39 73 48 2 27 93 89 141 61 112 135 44 118 145 77 56 67 21 71 134 15 
152 112 129 125 83 13 90 20 75 91 12 21 18 118 81 96 113 58 88 73 33 61 11 69 6 63 41 71 60 108 130 140 116 52 146 99 127 107 157 145 82 43 115 122 134 124 151 15 59 154 131 85 94 46 31 98 39 128 42 10 121 117 93 156 100 111 56 92 38 97 25 142 5 51 26 109 70 144 101 133 30 68 106 57 126 7 16 0 1 55 79 67 14 48 149 28 17 123 9 148 89 53 147 110 86 34 120 49 74 141 4 54 102 132 35 84 87 158 135 32 104 29 139 65 44 143 80 138 155 150 36 19 103 76 45 24 72 119 66 50 78 95 40 37 23 2 136 77 64 27 47 3 114 22 153 137 62 105 8 
139 64 43 53 21 158 69 41 1 82 13 71 11 22 0 59 119 138 18 137 2 112 27 63 98 122 48 79 108 114 6 72 14 95 120 156 89 75 51 145 52 147 74 142 140 115 131 56 128 67 23 34 146 130 99 124 134 107 55 29 97 61 30 87 78 132 143 49 104 45 153 84 150 15 70 10 16 50 65 60 40 149 54 109 135 125 123 155 100 38 106 24 37 116 103 31 91 94 35 73 96 9 127 44 154 85 8 152 17 105 77 28 151 93 157 113 110 111 117 25 12 5 33 136 58 4 144 68 47 46 83 141 76 88 148 42 20 7 102 90 3 133 36 81 62 66 86 32 26 39 80 118 126 121 57 19 92 129 101 
40 41 87 35 143 144 4 14 23 122 76 60 141 58 109 142 138 71 27 67 44 84 20 119 6 139 56 68 126 134 98 158 113 73 132 62 106 70 15 80 92 97 110 105 12 102 100 38 13 111 156 146 5 123 116 78 127 52 65 61 42 9 55 148 81 89 112 108 48 28 10 69 37 79 66 133 36 54 47 117 3 101 94 24 32 152 121 43 77 154 125 147 120 149 99 7 16 0 115 39 131 136 151 2 51 83 29 124 57 64 30 157 33 90 93 21 11 63 26 86 118 137 153 95 59 19 50 88 53 145 72 130 150 49 155 129 22 75 91 31 107 74 46 140 17 45 103 114 8 34 18 96 25 135 85 1 82 128 104 
131 25 27 156 129 110 78 124 102 107 32 117 93 127 69 23 49 38 40 56 18 144 60 47 81 95 10 83 8 72 153 134 14 34 146 76 94 24 39 87 109 36 6 42 67 147 120 122 77 126 106 41 138 9 20 0 59 91 48 55 140 155 31 108 51 30 2 65 37 145 5 139 66 92 96 113 58 73 121 16 133 15 22 29 132 70 1 7 62 21 150 98 112 105 64 152 151 43 68 26 137 114 75 11 86 101 136 125 123 19 82 4 154 53 97 130 63 88 46 104 85 74 115 61 100 45 141 44 33 89 111 28 50 90 35 103 13 157 3 80 142 12 119 57 158 148 52 79 116 17 135 149 84 99 118 143 128 71 54 
75 18 128 2 34 27 115 7 146 79 109 122 140 89 127 54 41 155 47 119 111 106 33 77 5 21 53 16 38 90 51 65 87 61 82 104 11 139 144 76 4 20 112 103 152 114 3 60 135 70 74 93 130 99 125 131 137 50 6 86 8 136 24 95 36 10 133 17 97 83 149 138 19 113 43 59 134 46 147 23 72 45 151 100 85 101 118 110 142 88 55 58 31 28 29 117 143 96 44 71 40 81 42 22 84 156 91 158 150 73 57 105 141 132 32 26 80 94 35 69 0 56 116 14 48 124 49 154 129 9 62 63 98 78 1 39 13 121 68 126 123 37 102 66 15 12 107 157 153 145 67 148 120 108 92 52 64 25 30 
76 89 121 154 111 16 4 143 18 73 28 56 123 6 66 142 99 30 61 103 21 0 65 148 75 107 156 7 40 78 85 25 144 43 69 126 115 2 72 64 63 10 77 122 94 141 58 11 127 157 41 158 120 140 129 12 149 116 92 32 130 39 112 38 104 47 57 138 51 96 146 13 45 50 114 82 33 102 83 150 100 20 17 136 42 54 80 23 128 9 98 46 70 34 55 133 31 14 29 62 113 81 109 74 134 79 151 71 48 35 37 106 36 125 90 87 67 105 131 26 88 135 49 147 97 8 68 153 124 110 139 15 108 95 3 86 101 152 27 119 22 59 155 118 44 60 145 84 137 19 24 1 117 132 52 53 91 5 93 
38 152 15 100 105 82 85 49 28 150 81 109 132 91 21 115 45 144 138 30 65 88 110 149 148 75 141 62 156 79 17 135 142 103 113 127 134 97 122 117 20 66 23 104 56 78 57 124 19 68 133 41 22 48 157 121 154 101 42 51 32 146 46 136 54 93 139 36 126 102 25 143 77 70 58 16 13 27 114 106 7 60 112 128 52 39 34 73 59 9 80 4 83 6 89 29 95 90 26 76 119 131 12 47 92 151 107 0 71 1 99 64 147 69 153 14 145 5 67 129 3 2 123 120 18 116 33 72 108 94 137 10 158 155 84 44 111 50 125 86 35 130 40 11 74 118 96 61 37 53 8 31 24 140 98 87 63 43 55 
112 151 158 22 76 4 90 117 25 123 152 85 92 57 109 42 83 65 129 84 19 59 36 70 27 134 30 2 97 115 102 77 128 157 14 103 116 13 94 149 18 121 60 71 29 11 82 40 24 38 50 44 110 141 31 66 45 86 138 75 100 137 39 43 93 78 35 136 96 88 9 101 7 41 21 49 131 133 126 145 51 113 106 62 111 34 79 99 8 108 146 130 54 46 53 5 132 56 91 95 142 32 104 114 33 67 140 68 61 156 118 87 107 127 48 17 154 16 80 58 20 81 23 139 148 1 124 89 37 125 72 155 3 55 144 73 10 28 74 120 150 47 69 143 135 98 147 6 0 26 153 119 63 64 122 52 12 105 15 
104 81 3 89 109 98 135 63 80 139 100 43 130 36 87 127 134 59 11 144 78 12 46 152 61 5 146 53 106 85 26 37 4 155 120 113 128 129 9 137 145 41 24 94 142 84 149 66 16 150 111 51 29 126 31 99 136 154 156 125 124 20 105 151 79 13 86 122 132 38 10 148 112 73 6 157 93 27 115 21 141 44 32 2 97 60 7 1 69 121 90 101 45 58 35 56 33 23 34 88 95 103 116 82 52 30 71 14 119 114 140 65 75 77 19 68 47 110 158 18 74 147 28 25 48 118 40 96 133 15 62 50 92 8 22 70 131 55 117 72 17 143 102 108 42 153 83 67 76 0 64 123 138 107 49 54 39 91 57 
89 40 103 118 87 109 121 71 101 18 80 16 41 19 73 62 51 98 99 134 81 82 29 38 144 31 46 11 84 61 113 146 32 136 115 125 10 74 88 114 127 129 92 151 142 34 90 149 141 120 44 22 79 156 57 67 39 47 153 54 3 152 124 78 27 107 28 130 63 12 154 131 15 111 56 97 59 94 119 50 150 158 93 68 110 112 58 49 122 132 52 138 14 137 117 126 148 36 30 76 75 25 13 133 157 70 96 83 140 45 85 5 139 108 42 106 43 35 105 123 102 2 72 77 55 116 95 86 60 65 155 17 0 7 48 9 69 21 53 128 104 4 1 91 147 145 64 143 100 20 66 8 37 26 6 24 135 33 23 
120 122 3 40 146 14 65 135 89 91 140 136 141 84 103 116 63 129 80 139 86 2 118 37 154 33 41 5 153 26 68 90 48 125 101 85 21 20 134 83 123 47 106 8 73 76 95 39 70 150 35 42 71 142 105 7 32 96 19 61 100 157 50 36 97 151 55 108 155 104 23 56 54 143 0 4 82 107 44 15 10 137 38 6 31 94 64 131 110 87 114 149 53 158 112 16 34 27 49 59 156 11 62 126 102 51 113 152 77 78 24 130 148 9 18 109 111 58 29 93 69 72 98 17 60 144 88 81 66 25 127 43 115 119 74 30 138 128 75 117 133 121 57 1 67 28 92 99 45 147 79 13 124 52 46 132 12 22 145 
3 17 80 82 108 109 40 101 87 0 49 38 60 30 85 16 65 5 57 119 91 147 62 53 92 136 118 72 126 128 13 106 117 34 32 105 90 121 61 59 71 133 55 94 148 1 37 27 135 70 6 112 58 44 157 155 124 158 52 23 28 143 76 137 144 149 132 18 66 22 74 67 140 64 2 123 41 25 15 42 36 146 104 138 131 116 63 88 14 99 39 150 11 51 100 125 77 24 19 154 4 33 156 68 73 114 152 56 103 9 96 127 130 10 95 31 43 45 120 134 26 47 98 145 141 115 35 7 129 122 84 107 89 97 151 21 81 153 48 20 50 75 111 78 8 113 86 110 29 12 139 83 46 54 69 102 79 93 142 
127 15 33 84 119 136 128 14 52 114 47 26 0 79 73 20 80 62 58 122 17 142 117 87 51 4 11 27 129 152 56 71 69 102 89 140 110 28 8 101 38 53 149 137 76 35 32 150 99 144 151 105 90 74 41 94 143 21 22 116 107 97 65 78 91 77 54 146 42 132 124 108 158 57 24 138 147 46 66 155 60 3 25 34 49 37 120 133 30 55 59 18 123 6 98 64 109 111 39 135 145 44 85 43 13 50 88 141 95 75 103 154 7 86 83 113 92 70 63 16 81 157 96 19 100 67 153 112 61 130 36 45 29 93 82 10 125 104 48 72 5 148 131 2 139 23 126 115 9 40 31 106 134 118 121 68 12 156 1 
45 18 157 135 24 14 70 118 93 57 80 108 129 56 127 20 137 102 130 59 115 106 76 42 94 98 62 2 16 69 44 3 55 155 123 78 103 38 121 119 27 84 23 28 85 142 10 101 126 113 152 131 158 151 132 12 125 30 147 99 37 1 120 91 39 124 122 154 31 53 29 15 141 71 33 153 66 112 128 8 145 79 150 138 67 144 81 47 72 34 86 75 19 97 95 109 25 61 0 50 65 139 54 60 82 32 49 52 58 9 136 133 111 156 41 4 5 68 110 116 117 46 146 107 13 149 105 74 17 22 90 96 114 148 7 6 35 104 73 11 64 92 48 89 143 43 87 100 77 40 26 51 88 63 21 36 134 83 140 
68 79 97 109 48 124 15 115 114 87 125 29 112 116 64 51 70 148 41 130 96 49 38 94 69 126 27 2 154 111 47 129 30 113 36 90 78 26 77 1 152 32 120 147 140 150 33 118 74 86 143 85 62 56 4 9 55 142 153 92 75 63 71 72 59 136 34 107 117 95 19 39 18 5 6 3 82 57 101 8 108 106 123 13 80 89 58 46 122 83 131 156 45 14 110 40 60 146 91 88 151 99 145 31 10 65 21 12 103 76 84 127 105 93 0 119 132 42 104 133 102 100 7 139 157 16 137 121 17 67 141 66 11 144 98 44 25 81 43 53 128 20 73 138 22 23 52 61 35 28 158 24 149 134 50 135 155 37 54 
151 64 2 68 26 31 103 89 129 124 76 118 123 148 36 60 102 18 55 84 121 30 74 62 154 156 50 53 65 1 97 82 135 94 108 33 72 133 105 47 11 22 101 125 117 138 57 3 93 34 91 109 79 96 81 127 35 28 137 104 136 131 155 48 63 110 49 83 20 32 146 6 141 77 90 43 100 67 114 132 69 122 134 21 112 116 149 70 78 9 126 40 66 41 152 157 115 4 44 8 15 39 87 130 5 158 37 14 56 139 58 73 88 75 13 86 80 59 27 24 85 38 95 29 16 17 71 98 45 7 111 51 107 25 143 52 153 144 99 54 42 23 140 142 120 147 119 92 0 19 61 46 128 10 113 145 150 12 106 
20 104 52 47 34 0 54 82 31 107 21 124 154 50 41 35 102 95 25 125 60 94 58 56 44 75 6 119 88 10 43 130 80 11 32 113 150 72 120 132 106 63 2 77 99 134 16 4 85 14 15 91 93 86 13 158 133 83 128 71 141 18 36 84 157 139 137 65 26 48 117 135 30 5 144 7 33 17 24 73 136 12 87 66 105 3 146 156 53 129 101 38 148 9 152 59 97 142 74 49 147 96 140 109 28 115 23 42 103 46 153 122 76 145 126 19 55 29 100 138 69 92 81 108 57 123 111 64 67 68 45 112 61 37 143 39 118 51 62 90 78 8 110 114 1 149 131 89 79 98 40 27 121 116 127 70 151 22 155 
138 0 17 18 139 41 106 108 67 47 153 112 115 87 113 63 140 146 39 104 56 13 103 84 152 158 131 70 2 48 95 128 94 66 57 92 42 150 96 38 93 58 91 136 141 156 28 4 10 72 16 148 31 81 79 111 22 73 33 59 44 53 6 7 82 14 155 5 90 89 83 86 29 119 12 26 85 62 37 49 88 125 19 117 11 144 25 9 65 27 75 55 24 101 61 23 35 43 98 78 116 45 149 80 68 143 134 110 157 21 100 60 118 15 126 102 120 133 8 51 121 20 127 1 97 77 107 147 52 154 40 76 151 137 32 64 69 132 105 3 145 123 34 50 54 129 109 36 30 71 122 74 135 99 46 114 142 130 124 
117 157 65 113 108 143 86 81 98 127 34 38 84 29 141 76 64 36 56 147 26 97 8 130 22 71 131 149 41 66 62 32 68 132 78 20 134 124 24 48 10 133 88 135 5 158 114 90 1 155 144 82 35 9 140 123 28 33 152 115 30 54 67 100 72 107 151 60 13 11 49 7 43 121 126 58 93 83 40 129 69 110 63 139 2 45 128 25 91 6 111 118 16 112 17 136 18 148 156 103 50 89 142 154 106 122 125 96 87 80 73 92 145 138 12 95 55 85 46 31 77 150 4 19 47 57 102 119 104 59 74 99 52 23 27 61 101 0 105 79 75 15 3 94 116 37 14 109 153 21 137 42 146 53 70 44 51 120 39 
143 154 33 82 62 29 116 46 36 25 83 60 127 138 122 53 1 56 135 132 57 145 0 15 9 70 137 106 101 22 65 64 156 49 8 92 84 117 100 73 87 93 28 115 130 77 4 136 54 133 86 125 128 5 95 39 140 121 141 68 14 12 75 109 27 7 59 69 81 111 76 10 13 43 126 19 104 24 41 158 79 34 74 131 110 52 37 113 38 30 118 123 144 151 149 26 67 20 48 55 89 139 119 94 90 96 61 80 157 107 50 153 103 11 44 63 129 85 148 17 147 91 124 105 146 134 97 58 45 3 142 2 155 21 150 102 108 152 6 51 32 18 16 88 42 31 71 47 120 72 99 23 114 66 40 78 98 35 112 
131 116 138 98 35 11 61 17 64 150 72 38 81 148 2 88 122 90 19 108 26 63 133 56 76 83 89 60 87 113 39 31 15 46 40 62 97 33 45 5 104 37 10 6 32 115 80 70 30 49 145 84 140 127 125 82 0 100 105 135 69 112 50 155 154 123 106 157 41 124 43 121 158 99 12 7 42 27 77 53 143 44 149 134 3 85 126 142 152 114 66 102 51 74 58 59 128 139 118 111 24 103 20 144 67 36 25 86 8 119 52 29 147 141 78 21 75 130 79 1 55 48 120 151 95 73 94 136 117 14 4 9 23 91 110 16 71 65 54 92 96 28 146 109 34 57 156 22 93 101 129 107 68 47 137 18 132 13 153 
108 43 49 81 1 76 24 67 23 3 62 58 92 84 150 106 103 60 113 64 136 53 158 42 123 39 151 154 35 7 146 54 156 155 85 135 112 0 33 61 41 63 122 50 68 145 133 20 105 152 48 141 25 6 143 142 125 107 34 69 94 45 127 100 138 153 110 121 31 96 29 130 70 120 16 65 95 119 90 40 115 11 128 52 4 82 79 36 134 32 109 132 137 37 80 147 139 131 38 157 87 28 93 12 66 55 104 77 101 126 59 114 57 10 27 111 86 56 14 124 17 83 5 47 46 8 51 144 15 117 97 78 75 102 71 18 99 88 89 30 19 140 13 26 148 9 21 118 129 44 91 73 149 72 2 74 22 116 98 
143 89 40 12 13 44 103 4 87 131 154 37 107 142 73 92 8 59 82 108 133 25 112 64 58 113 15 19 116 118 98 17 104 54 80 150 152 144 27 38 18 110 49 145 140 22 158 127 72 45 34 48 28 10 114 148 47 57 31 128 50 69 42 30 123 29 65 119 120 6 39 16 1 95 0 117 101 33 11 70 129 3 139 23 124 102 67 77 100 88 74 137 121 138 94 111 122 109 157 83 55 79 93 97 41 62 151 35 51 20 81 106 53 32 90 61 134 7 146 71 147 125 43 66 91 68 84 46 21 153 115 9 26 141 76 78 60 149 56 105 135 132 2 52 96 126 24 75 85 36 99 5 63 14 155 86 156 136 130 
85 15 99 129 61 127 65 63 54 122 95 89 144 150 140 146 92 83 44 141 101 13 28 114 47 11 102 107 27 132 0 91 48 93 97 84 151 38 64 88 117 33 155 14 154 19 116 115 100 29 109 124 51 75 103 72 96 62 82 153 8 128 49 147 104 68 7 86 87 119 6 70 126 56 43 16 39 50 121 110 136 131 57 3 130 134 60 46 58 152 90 98 149 76 125 37 41 21 145 20 78 94 69 158 12 17 9 31 105 138 67 5 40 73 118 59 80 113 23 123 4 53 42 2 112 77 143 81 45 55 35 52 156 34 10 106 148 157 24 74 1 30 139 133 120 142 111 26 66 25 32 36 108 137 71 18 135 79 22 
61 153 100 82 0 85 96 124 11 27 9 138 71 111 90 94 62 87 83 28 116 6 99 108 117 63 14 147 78 155 70 24 151 5 107 53 1 93 20 136 64 88 50 119 58 34 13 84 120 37 25 51 106 156 40 35 30 110 112 29 80 19 81 7 16 12 97 21 92 140 103 152 98 59 86 55 32 42 129 15 36 101 154 125 91 149 75 45 134 121 148 33 2 23 158 18 49 79 8 31 46 43 41 132 115 48 144 128 105 113 95 77 57 122 150 44 65 38 126 131 137 4 109 74 39 123 143 68 142 127 66 17 118 102 157 22 3 76 67 56 10 73 26 60 54 145 104 89 133 135 72 146 114 141 52 47 139 130 69 
132 85 93 19 53 114 39 116 122 51 24 14 41 56 65 60 46 37 105 129 40 128 115 12 123 146 54 2 101 98 67 81 3 88 111 99 45 141 102 83 117 61 70 32 25 20 28 157 126 154 89 100 80 86 35 63 1 62 9 59 75 8 49 34 58 104 109 120 139 97 26 57 92 27 23 106 31 134 21 17 33 119 11 79 22 151 95 127 124 6 149 84 7 55 44 131 90 18 66 150 64 142 36 38 155 77 108 13 110 78 42 72 91 4 153 107 138 71 156 47 103 52 130 0 10 144 152 5 74 29 121 113 50 87 148 125 69 76 96 15 30 143 158 94 135 140 137 112 68 73 16 48 82 136 43 145 133 118 147 
69 44 18 80 23 38 114 67 158 40 68 104 62 120 101 156 147 13 153 66 61 143 105 125 57 2 88 1 109 24 146 73 77 149 134 98 58 27 29 12 25 111 79 33 54 82 137 41 30 131 121 7 83 103 31 144 117 138 154 17 49 113 91 15 32 155 35 110 118 119 130 95 52 116 0 87 107 152 92 127 106 128 53 10 108 142 90 133 72 112 48 60 81 78 74 56 37 39 97 5 8 6 123 65 43 3 71 63 50 26 145 124 86 75 102 115 14 76 84 93 22 139 150 21 129 136 55 51 148 141 11 151 4 94 9 70 28 100 46 96 85 47 16 64 20 140 59 99 34 45 89 132 122 36 19 126 42 157 135 
115 97 83 32 105 126 134 46 11 84 45 117 73 121 50 156 130 21 109 31 112 123 66 33 37 24 7 85 52 125 99 152 48 6 36 94 19 53 61 35 132 135 60 137 58 103 49 111 75 78 76 1 39 110 80 133 90 26 102 87 128 148 101 92 23 72 139 154 120 86 108 51 143 0 16 153 15 41 127 20 55 14 63 42 44 5 82 107 118 22 119 38 69 68 150 136 145 147 64 28 98 59 106 146 57 10 17 149 62 54 93 116 74 43 91 67 131 113 114 88 138 158 65 142 47 141 30 122 104 25 77 18 34 3 144 56 96 70 129 79 89 4 8 157 71 29 12 155 2 151 124 140 40 81 95 27 13 9 100 
149 120 77 121 142 87 143 22 151 122 144 55 44 90 129 14 64 107 53 8 156 118 136 10 35 150 68 73 89 113 62 57 2 138 65 66 112 97 70 29 137 125 49 31 69 38 84 103 19 147 88 110 13 83 17 102 148 12 52 92 158 37 20 78 60 86 111 24 134 27 40 105 0 59 72 104 7 140 126 21 99 4 127 146 26 63 39 36 67 81 139 80 95 96 23 153 124 46 33 32 94 75 130 117 48 141 155 1 16 152 132 42 114 85 41 106 91 61 154 109 108 45 25 101 54 3 82 135 79 133 5 98 157 131 58 100 71 116 47 119 93 128 28 56 6 115 11 50 51 145 34 123 9 18 43 76 74 15 30 
136 153 90 4 103 22 71 34 77 32 137 31 106 92 82 139 16 123 44 158 104 59 143 75 84 85 45 6 120 62 10 11 117 66 17 38 56 138 43 152 125 87 67 141 25 53 2 36 91 63 61 21 131 46 121 79 130 116 60 147 26 105 52 70 114 39 0 48 149 65 144 83 1 110 23 19 88 127 148 15 101 68 40 157 3 64 118 49 119 133 97 24 134 94 50 122 95 146 8 135 81 12 112 124 100 76 14 80 9 13 18 55 155 93 20 54 69 150 111 86 58 140 156 47 151 51 98 142 37 113 73 89 5 28 108 27 107 129 96 126 57 102 109 78 29 41 7 30 33 99 35 42 115 145 72 132 74 154 128 
70 98 26 107 126 1 60 158 101 78 96 54 121 39 15 113 119 123 99 146 149 4 77 82 154 128 37 84 22 132 73 44 8 97 133 17 61 53 130 95 59 94 144 116 41 25 137 142 139 0 40 127 141 12 32 74 136 36 93 115 79 14 30 64 157 110 65 62 80 58 148 33 23 45 114 87 48 19 111 9 24 89 105 75 81 55 104 28 69 145 20 118 143 63 135 153 156 47 5 71 155 140 120 66 90 138 31 72 6 21 11 131 16 108 88 29 46 27 134 124 42 102 38 147 52 68 50 18 85 152 100 125 10 43 109 67 129 91 83 56 122 34 86 76 150 51 117 2 103 35 92 151 49 13 7 57 106 3 112 
111 47 143 81 128 59 73 104 131 27 17 50 35 25 48 1 45 56 62 83 102 10 132 72 130 146 157 96 129 49 41 67 140 61 136 6 120 7 31 29 149 113 94 44 51 38 108 54 79 121 97 66 30 57 23 156 117 70 87 151 153 74 68 18 39 32 106 134 93 133 103 77 9 154 34 116 58 158 86 150 105 22 139 138 127 21 14 28 52 0 95 141 80 71 46 4 42 91 114 100 155 135 123 26 90 99 122 112 144 124 115 16 12 76 43 85 65 40 20 24 19 101 55 8 107 98 84 37 2 119 13 88 5 125 92 33 137 82 109 126 64 89 152 36 3 11 110 63 147 75 53 15 142 69 78 145 60 118 148 
65 53 106 120 79 69 31 97 125 57 85 68 119 153 128 37 48 158 101 88 135 138 115 13 126 83 143 81 140 92 129 89 36 149 130 2 5 44 77 19 17 33 112 123 61 23 46 16 29 0 6 15 80 66 11 62 35 50 114 132 141 150 8 118 72 56 127 24 113 64 78 51 1 122 121 86 43 42 39 100 82 94 59 27 76 47 63 155 142 40 90 93 30 34 144 96 105 58 137 45 71 54 116 134 131 139 98 147 3 136 99 110 111 55 148 145 14 146 73 103 95 84 107 156 21 124 74 49 52 25 60 117 12 10 133 67 7 26 4 157 151 109 102 104 22 152 9 91 154 87 20 108 18 28 75 70 38 32 41 
154 106 2 56 54 72 103 12 155 63 129 151 20 107 39 66 80 120 36 41 108 73 152 71 93 61 34 147 87 104 14 15 85 6 84 18 116 112 52 4 149 28 19 77 128 153 23 115 37 46 118 158 105 50 0 29 3 60 64 148 22 33 114 121 99 89 10 156 139 68 76 13 126 111 143 92 131 137 35 5 96 75 47 40 1 43 79 38 146 132 26 144 97 141 109 31 58 123 48 124 91 157 136 51 140 42 65 81 88 21 90 82 11 49 70 117 57 110 134 7 101 44 138 32 74 83 130 122 30 125 113 27 59 53 69 24 145 45 135 25 127 8 55 133 100 142 98 16 9 102 67 119 94 78 86 95 17 150 62 
54 64 56 79 152 6 146 35 8 141 17 83 130 12 1 27 31 22 92 32 26 101 14 135 85 60 25 137 40 150 86 104 120 74 7 29 72 124 107 43 42 134 5 61 99 65 113 149 55 136 47 41 98 118 114 16 147 143 116 51 62 20 138 91 15 52 68 67 9 18 129 154 45 0 115 57 30 125 126 128 63 96 103 87 76 13 145 39 36 94 153 23 70 82 100 102 49 127 156 112 19 71 148 10 157 142 131 24 2 117 53 122 90 50 84 46 4 123 73 28 95 44 34 106 59 119 108 158 121 151 11 144 48 139 66 81 69 111 33 78 93 80 58 75 155 37 109 21 38 133 89 110 88 97 105 3 132 140 77 
142 119 30 51 139 92 5 39 96 88 153 120 145 106 22 64 26 48 135 156 2 19 158 117 63 80 56 102 3 98 10 38 17 95 46 105 138 20 45 44 52 9 7 29 131 97 55 62 8 34 78 125 43 25 40 129 6 127 16 75 133 35 150 15 136 116 59 13 155 154 149 72 73 42 147 23 77 93 148 74 146 118 58 41 54 24 65 151 94 103 152 99 114 76 143 27 57 101 124 140 111 85 87 18 82 14 53 86 115 109 100 67 4 21 68 157 12 61 28 1 130 126 49 132 31 113 37 50 112 123 66 104 0 70 134 128 79 47 36 108 141 121 90 71 33 137 122 110 11 107 60 32 91 83 144 81 89 84 69 
32 136 46 67 18 110 98 100 51 29 99 97 81 34 156 154 155 3 145 123 33 19 87 71 47 124 16 140 139 4 108 112 68 86 111 13 48 37 30 2 23 26 14 21 142 74 151 58 158 59 25 77 96 95 149 10 127 69 119 45 76 61 121 84 20 0 36 75 128 125 66 12 103 90 79 24 27 89 138 38 153 55 78 8 106 41 22 137 120 64 134 104 40 17 50 148 101 122 73 49 152 53 7 132 42 115 65 82 83 28 60 150 131 9 63 117 1 56 107 116 144 133 143 39 102 113 94 157 5 93 105 135 11 31 92 70 15 52 54 141 147 80 130 85 43 118 57 91 6 126 114 44 88 109 129 62 35 72 146 
107 117 118 152 83 49 47 137 13 125 77 116 134 52 42 29 82 150 45 80 59 67 151 12 128 46 100 4 99 64 56 71 10 53 147 145 115 23 122 62 57 32 3 19 133 54 21 158 24 31 66 89 154 79 104 2 96 72 63 124 91 88 51 138 85 95 33 16 81 120 111 92 130 73 149 86 94 97 22 119 8 90 1 20 112 132 15 68 127 84 131 38 98 27 108 153 39 144 113 126 65 102 30 74 9 28 75 61 70 14 0 60 155 87 76 37 139 11 136 110 7 41 143 135 6 140 129 114 123 103 58 40 35 141 78 157 101 105 48 26 121 5 50 148 156 34 25 109 36 69 106 44 18 55 43 146 142 93 17 
62 42 107 58 5 52 61 38 64 81 65 131 44 78 32 29 20 93 89 76 100 119 9 23 36 18 108 120 94 128 91 41 26 69 45 137 71 142 144 141 46 70 145 72 86 14 148 97 40 118 43 134 27 63 123 35 143 95 106 8 101 53 111 88 33 21 50 149 139 153 28 96 103 51 132 138 121 158 82 83 130 68 156 37 13 11 31 150 66 0 30 73 102 17 146 2 60 19 74 151 124 7 126 90 116 115 109 99 112 125 12 3 113 54 80 24 136 117 154 25 10 133 55 34 39 127 59 122 67 140 104 57 135 56 49 85 75 110 155 147 77 6 15 1 92 48 98 87 129 152 105 114 47 79 84 16 22 157 4 
