48 10
19 11 30 38 44 0 6 31 2 32 43 17 15 14 39 3 28 18 1 20 47 5 40 41 46 26 12 8 22 4 24 45 7 13 23 9 42 21 33 34 36 29 25 10 27 35 16 37 
9 29 14 37 39 35 33 22 3 25 1 36 40 16 28 34 24 23 27 30 26 42 4 38 0 12 17 7 41 10 20 6 47 18 43 45 8 11 21 5 2 31 13 44 19 32 46 15 
27 39 45 25 0 34 43 21 2 8 19 7 1 5 23 22 17 36 32 41 28 37 46 12 15 44 24 42 40 6 30 13 16 29 20 11 10 35 26 38 18 33 3 9 14 47 4 31 
26 10 35 27 9 30 31 40 6 4 37 21 43 17 15 22 16 32 33 25 36 18 1 41 23 46 20 42 13 29 34 2 0 45 11 8 14 47 44 19 38 7 3 12 39 28 24 5 
36 44 10 9 34 27 15 3 43 5 13 2 0 24 38 40 37 1 11 16 14 25 22 19 33 20 23 29 26 6 30 18 4 7 12 42 31 39 8 45 46 35 28 47 41 17 21 32 
42 4 43 8 28 5 16 38 24 47 23 45 37 40 35 6 25 21 32 11 3 20 1 7 33 18 2 39 26 14 12 15 27 17 0 29 9 31 41 19 44 46 13 22 36 10 30 34 
19 1 18 17 32 27 2 11 41 25 33 12 26 21 0 30 7 6 47 22 34 20 14 5 28 15 3 38 9 4 37 36 42 43 23 10 31 29 45 8 24 13 44 35 40 39 46 16 
19 45 37 46 12 10 31 38 1 39 8 44 26 16 28 6 21 33 7 22 29 5 0 42 20 13 27 41 9 11 25 14 17 4 23 30 24 18 32 40 43 36 34 15 2 3 47 35 
5 32 29 15 13 0 42 47 21 2 23 38 35 30 18 11 39 14 45 10 22 19 37 33 34 25 46 3 4 31 40 26 8 16 28 24 1 41 44 12 20 36 9 7 43 17 6 27 
3 37 16 36 34 39 12 31 35 47 9 41 44 42 30 45 40 43 24 11 20 15 29 1 46 13 2 14 22 5 4 33 38 10 0 6 26 23 19 18 8 27 25 32 28 7 21 17 
