51 100
25 41 21 9 29 8 3 6 43 28 27 47 7 38 36 48 46 0 32 10 23 31 49 15 33 24 35 18 37 4 2 30 1 26 39 12 13 17 34 16 45 5 22 40 11 42 20 44 14 19 50 
47 23 4 34 35 18 45 24 3 15 11 19 9 33 40 25 46 37 26 22 12 27 10 13 41 20 2 39 17 0 21 7 43 44 32 42 5 14 48 50 38 29 49 36 1 16 28 8 30 31 6 
16 30 31 38 26 48 27 15 33 42 12 6 2 13 1 41 36 9 47 44 18 29 25 8 19 14 40 39 11 24 5 21 37 20 49 45 0 22 4 34 28 17 3 10 46 43 32 50 35 23 7 
5 36 22 32 34 35 13 42 18 0 46 25 31 30 23 40 43 9 27 16 3 49 26 1 29 17 21 12 47 37 38 44 48 11 33 39 15 20 14 4 45 41 7 50 2 8 28 6 19 10 24 
40 33 39 1 24 16 19 15 30 49 35 31 3 8 9 43 0 34 44 27 12 4 41 48 6 32 13 47 36 21 38 14 42 10 18 20 11 22 50 45 29 7 23 26 17 2 46 37 5 25 28 
2 4 46 18 37 0 21 6 39 29 27 23 17 10 15 22 31 48 41 49 20 9 30 32 5 44 28 43 24 50 33 34 14 45 7 11 42 40 12 25 26 36 19 3 13 47 8 35 16 38 1 
40 1 31 27 3 44 20 29 23 37 22 38 48 35 19 36 33 18 25 10 12 39 45 13 24 9 0 28 34 7 49 42 50 5 43 21 46 4 26 32 8 17 47 16 30 14 2 41 15 11 6 
11 40 16 12 1 33 13 50 19 24 46 39 37 14 18 42 0 15 17 43 49 44 41 10 38 22 28 48 20 3 32 4 45 31 21 34 23 35 27 36 9 7 5 2 25 26 47 30 6 8 29 
34 47 1 2 37 36 29 35 28 40 31 33 15 49 46 39 18 38 30 24 48 26 11 25 0 20 10 21 41 12 43 6 23 42 45 32 5 14 27 22 4 7 9 13 19 17 3 44 16 8 50 
36 15 47 32 43 10 11 18 48 25 5 16 19 45 2 33 7 22 46 24 26 35 20 44 41 14 23 12 30 8 9 50 37 39 4 1 29 34 0 6 38 28 13 40 17 27 49 31 42 21 3 
9 32 38 37 12 3 4 25 47 5 45 6 2 13 29 22 7 44 10 23 43 31 48 49 19 27 34 18 15 40 16 11 30 35 26 39 24 28 36 33 20 8 42 17 0 14 46 50 41 21 1 
8 18 34 21 35 1 40 36 44 14 11 42 23 24 38 12 9 3 31 39 26 17 33 45 30 47 7 2 22 20 48 13 10 49 29 5 37 43 41 25 4 27 16 6 19 46 28 15 32 50 0 
26 24 7 42 33 30 41 0 46 18 29 27 11 45 21 40 23 19 4 50 38 15 22 28 2 48 3 31 25 20 10 14 32 35 9 37 5 34 49 17 13 8 12 44 39 1 47 16 36 43 6 
31 47 0 23 34 38 22 33 1 32 18 39 17 8 50 35 49 48 21 14 29 19 45 10 15 40 20 44 16 26 11 12 28 5 25 9 37 41 42 24 2 46 7 36 4 27 13 30 3 6 43 
48 31 40 12 19 36 18 42 5 3 32 47 1 8 7 29 35 20 46 16 14 2 9 49 17 45 28 0 26 50 22 25 27 37 21 10 24 39 38 23 33 15 4 41 43 13 34 11 6 30 44 
39 26 50 24 28 49 8 7 35 25 21 29 32 30 6 42 22 33 45 12 15 47 10 46 44 18 40 31 38 14 23 41 13 3 9 1 17 27 43 37 20 34 0 5 2 19 11 36 48 16 4 
39 17 22 25 24 37 26 36 16 41 46 23 9 2 45 6 21 3 32 42 5 10 50 0 13 12 38 31 7 19 14 11 20 34 44 8 30 49 43 48 27 33 4 18 35 15 40 1 28 47 29 
20 6 25 43 23 16 17 0 4 21 7 27 38 19 10 31 9 50 37 32 41 45 14 8 29 3 1 22 40 34 42 36 11 18 2 15 26 47 5 44 24 49 28 12 33 39 13 35 48 46 30 
36 50 0 42 21 5 20 8 27 32 46 3 4 9 2 47 7 19 6 25 14 1 34 45 33 12 38 44 48 26 18 11 29 49 39 35 24 23 16 37 31 41 15 28 13 10 43 30 17 22 40 
20 31 40 50 30 29 9 27 18 42 3 0 13 16 24 35 8 5 38 7 6 48 43 41 36 11 39 49 45 14 4 33 28 17 46 21 47 23 19 22 44 26 32 15 2 25 37 1 34 10 12 
24 21 18 33 42 39 43 13 41 47 50 23 34 0 15 48 17 26 6 8 36 10 31 28 27 30 11 25 46 49 19 37 7 3 5 14 40 32 35 22 16 38 2 9 45 1 29 12 4 44 20 
28 22 5 7 29 45 8 11 32 25 19 26 21 50 41 10 12 18 35 20 37 13 1 31 3 23 0 39 36 48 24 33 6 15 16 40 9 38 34 4 49 17 30 2 43 27 47 14 44 46 42 
9 42 39 23 50 22 32 37 12 25 11 36 3 27 8 17 2 21 47 14 43 19 35 45 28 10 6 18 49 20 29 44 30 40 31 26 48 41 7 24 4 34 33 38 0 5 16 46 15 1 13 
25 17 11 33 31 48 21 6 34 18 1 26 15 38 49 35 37 4 8 20 2 10 50 43 36 5 39 44 12 46 45 29 23 9 16 13 47 32 40 0 41 7 30 28 27 19 42 3 24 22 14 
20 29 33 43 1 44 0 24 16 23 36 8 12 42 48 32 6 21 30 34 19 9 7 5 39 15 11 14 35 50 46 49 22 17 45 37 41 38 4 2 25 47 18 3 10 26 31 28 13 27 40 
16 11 45 13 33 12 35 0 1 26 48 5 2 49 30 7 29 42 44 22 46 18 41 31 19 14 20 36 8 21 43 38 15 39 34 40 24 23 28 37 17 9 32 25 10 6 3 47 50 4 27 
29 34 6 46 44 35 26 28 33 20 5 22 49 0 11 42 39 18 16 12 7 37 41 43 38 23 15 17 30 19 24 8 27 36 21 25 3 48 45 40 1 13 47 31 4 2 9 32 10 14 50 
48 18 15 2 24 26 10 5 37 27 30 20 46 0 34 6 19 17 31 45 14 33 44 35 32 8 23 1 29 39 49 11 22 25 40 21 43 9 47 4 16 7 12 13 42 41 3 36 38 50 28 
10 28 33 25 24 20 29 35 47 32 15 22 44 14 1 43 5 46 4 27 36 19 7 9 8 6 3 2 34 39 0 41 42 37 38 23 12 30 21 17 50 31 48 11 26 49 13 40 16 18 45 
28 40 10 6 14 3 7 8 11 41 25 17 1 42 47 32 24 36 0 44 29 33 49 20 46 31 9 15 35 27 16 43 38 45 13 39 22 21 23 30 18 2 26 5 37 48 19 12 4 50 34 
26 35 32 39 5 13 49 10 47 2 18 21 25 45 12 48 3 15 38 31 37 29 20 30 9 24 14 50 23 27 6 36 8 1 40 41 34 17 19 28 7 42 43 33 0 16 22 4 46 11 44 
7 25 41 21 33 36 32 20 2 14 1 9 46 15 27 28 39 24 31 35 8 38 13 44 16 19 42 34 29 10 26 37 40 18 5 43 4 17 22 50 49 6 11 23 3 30 47 0 48 45 12 
2 50 1 30 24 21 4 5 25 36 33 23 43 45 15 13 20 16 47 10 7 8 26 41 46 22 34 49 17 18 44 42 9 37 29 19 28 6 0 32 3 48 14 40 35 11 38 27 39 12 31 
8 34 26 29 10 41 23 32 7 21 24 27 12 3 38 47 42 22 44 19 9 5 35 40 15 4 25 2 45 17 33 14 18 20 31 13 49 1 48 39 30 6 36 0 46 16 11 43 37 50 28 
46 12 42 24 6 21 1 22 14 16 7 30 36 4 50 19 44 8 5 39 37 31 32 18 15 0 13 25 48 47 27 41 28 3 29 43 45 17 38 26 9 49 34 35 40 33 10 11 23 2 20 
13 42 47 7 11 32 37 41 20 6 29 9 49 31 40 3 30 27 22 8 10 2 15 34 44 39 14 16 36 0 4 24 19 45 18 33 12 38 48 43 46 35 17 26 28 23 25 5 50 1 21 
20 19 29 5 0 16 17 48 14 46 18 21 41 49 7 27 34 31 24 3 28 32 35 1 9 42 12 25 8 10 6 30 39 2 37 38 40 36 26 45 44 22 13 4 47 50 33 15 23 11 43 
38 42 46 2 5 45 35 47 4 33 24 43 7 3 25 1 13 44 17 41 23 40 48 14 6 31 21 36 29 28 39 30 27 18 37 50 16 0 49 22 9 32 11 20 8 12 34 10 26 19 15 
22 18 5 7 4 27 16 43 49 31 21 47 28 15 19 17 29 1 36 32 25 23 3 2 38 10 44 9 20 33 14 48 12 45 50 0 13 11 6 37 34 24 35 8 30 42 40 26 46 41 39 
19 5 31 41 28 15 0 12 13 50 27 17 21 26 39 34 7 10 14 22 33 32 1 20 30 9 6 44 49 43 4 38 46 35 3 23 48 16 29 42 47 45 36 11 40 24 18 37 2 8 25 
0 38 7 36 45 12 1 25 40 2 46 37 6 34 48 39 18 20 24 15 44 23 5 19 47 26 4 11 10 33 8 31 13 9 22 14 29 49 21 41 27 42 35 50 32 28 43 16 30 17 3 
39 14 15 32 28 30 18 16 31 44 25 22 6 26 47 10 29 12 21 48 2 1 41 49 36 46 38 9 40 7 50 20 3 17 13 45 11 5 0 27 4 34 24 43 19 8 33 42 23 35 37 
45 50 32 43 2 31 9 21 34 49 47 11 8 23 42 16 46 29 14 6 4 10 1 48 25 24 41 33 7 20 5 27 15 37 12 36 39 17 0 13 26 28 3 18 30 19 40 35 22 44 38 
8 31 45 39 30 20 36 28 23 27 0 6 25 7 35 49 4 21 19 1 17 50 12 15 22 10 46 44 48 3 40 2 18 5 14 33 26 41 47 37 32 16 29 38 24 34 13 11 43 9 42 
23 28 50 17 13 42 22 25 46 29 4 12 26 2 30 16 18 32 11 38 44 45 14 9 48 7 6 36 31 49 5 20 33 1 0 15 43 3 37 35 21 19 24 8 39 47 27 10 40 34 41 
21 10 34 5 8 36 32 0 17 26 39 33 25 23 1 40 37 6 44 16 9 13 18 30 48 41 24 29 42 3 4 14 47 2 11 49 35 20 31 12 27 38 19 22 50 43 28 45 15 46 7 
15 5 17 31 10 7 21 27 24 39 25 3 12 32 48 43 40 44 6 33 0 13 29 18 46 45 42 1 47 26 4 28 14 36 16 38 19 50 35 41 2 37 23 9 34 22 11 49 30 20 8 
11 18 23 44 36 9 43 2 13 7 46 25 47 5 1 20 21 28 15 41 30 50 32 10 33 3 39 42 24 38 22 26 29 16 45 8 12 27 14 0 17 49 34 37 6 19 48 4 35 31 40 
15 13 35 11 14 38 22 23 1 32 48 26 10 0 36 4 8 41 17 5 33 7 28 46 45 27 9 12 19 47 30 3 37 2 16 24 25 50 6 21 42 34 40 49 44 31 18 29 43 39 20 
37 41 33 19 17 18 10 47 50 3 27 45 39 43 7 38 21 31 2 29 32 26 16 35 46 24 42 28 22 0 4 30 40 36 5 1 48 9 49 12 11 34 6 23 44 14 8 20 13 25 15 
48 30 12 10 31 7 25 21 35 22 42 16 41 5 1 44 0 33 45 2 37 29 26 8 46 6 49 3 15 20 17 43 13 23 47 18 36 9 27 39 24 19 32 40 28 50 34 11 38 14 4 
20 6 8 32 4 9 16 12 26 39 28 37 0 19 33 42 17 44 24 31 47 43 48 10 5 1 45 14 34 30 23 13 36 41 21 15 35 49 2 7 27 25 38 40 22 11 3 29 46 50 18 
19 14 34 25 21 11 13 15 2 26 18 43 29 31 24 9 47 1 10 45 5 38 46 28 30 36 42 6 0 4 7 39 20 32 50 48 22 40 27 16 17 41 33 37 12 44 35 49 3 23 8 
29 31 40 46 10 23 5 45 9 19 21 32 0 35 16 30 26 17 36 34 47 37 25 22 42 15 11 38 50 7 2 33 41 43 4 27 12 18 20 48 49 44 14 28 39 3 1 24 8 13 6 
19 37 16 2 38 26 44 46 43 1 50 13 35 36 24 28 27 42 12 22 48 15 4 21 45 32 49 33 3 41 31 8 6 39 40 34 47 11 23 29 17 5 10 7 25 18 20 30 14 9 0 
32 10 2 11 18 48 15 34 33 19 35 1 31 40 25 24 26 45 13 42 47 5 4 0 50 37 3 7 46 28 16 14 8 39 44 27 29 23 20 38 36 22 43 17 6 9 12 41 21 49 30 
33 20 43 25 27 18 38 34 28 17 22 35 7 26 8 1 30 24 37 47 15 23 46 32 19 48 6 3 10 42 13 41 0 49 9 36 45 16 5 4 39 11 31 44 2 12 50 40 14 21 29 
9 40 8 39 0 19 27 41 31 22 26 33 7 6 15 29 12 48 47 1 32 50 24 36 5 21 16 18 38 45 34 37 23 49 46 30 28 13 11 4 14 17 2 10 35 20 3 42 44 25 43 
15 4 17 11 47 27 0 12 16 43 5 38 49 29 37 40 25 36 26 35 45 33 23 22 24 20 46 41 2 48 7 10 6 8 3 1 44 13 19 32 30 9 31 39 42 28 50 21 34 14 18 
45 25 36 26 16 37 27 7 18 30 17 24 12 39 9 49 50 3 8 48 47 2 38 21 32 19 23 13 14 29 22 10 46 28 41 6 0 4 44 42 40 33 11 43 15 34 1 35 5 31 20 
8 13 41 5 3 48 32 29 25 36 4 9 34 16 37 6 42 2 10 22 43 12 40 45 15 49 28 27 26 20 11 46 38 1 31 35 21 17 24 47 33 18 30 50 44 7 23 39 19 0 14 
36 30 37 33 13 44 22 20 48 25 27 39 45 38 19 4 21 16 31 3 24 40 42 47 8 17 2 28 23 32 11 6 41 0 43 1 34 18 49 46 14 15 50 7 35 5 10 29 9 26 12 
35 17 22 7 34 50 16 26 33 37 24 11 48 30 41 23 10 27 49 40 5 0 46 13 42 1 36 45 47 29 18 8 28 21 2 44 14 6 43 19 20 3 38 12 15 9 4 31 39 32 25 
35 30 4 39 49 6 13 22 15 2 32 33 9 5 41 8 27 10 18 1 17 21 16 42 40 7 48 45 43 34 23 46 31 25 36 37 44 26 50 11 12 28 0 47 38 14 19 24 20 3 29 
50 15 13 18 19 34 32 28 17 5 46 31 4 10 7 40 26 44 25 37 38 39 29 14 24 2 0 6 16 20 30 27 1 35 23 43 22 8 48 49 41 3 33 36 45 42 9 21 47 12 11 
22 30 47 21 45 16 41 38 8 7 0 26 37 29 36 13 11 4 44 12 17 39 49 31 1 6 2 35 10 32 15 23 25 33 48 18 28 43 50 27 3 34 42 5 40 24 9 19 20 46 14 
0 33 12 36 21 29 9 40 39 4 47 35 5 17 22 20 7 28 30 44 41 45 25 27 11 2 50 1 23 13 6 8 34 16 42 3 32 37 26 31 18 19 43 15 38 10 24 14 46 49 48 
21 34 1 3 29 40 23 11 6 41 13 14 50 2 37 10 30 19 33 39 43 35 8 44 36 28 45 18 7 32 22 12 46 26 47 9 49 16 0 20 15 4 5 31 38 48 17 24 42 27 25 
36 17 41 35 24 26 20 25 34 39 38 10 27 22 5 23 16 48 37 33 28 6 13 49 8 47 44 2 1 3 50 14 45 46 32 31 11 21 29 18 7 15 12 30 43 0 19 9 4 42 40 
40 32 28 11 30 20 26 9 43 38 1 3 19 39 10 7 18 16 42 8 12 0 5 49 14 29 33 13 6 31 48 35 44 4 21 36 15 41 45 34 50 2 37 25 22 47 27 46 23 24 17 
36 10 30 4 39 2 38 45 34 37 42 0 48 41 8 46 35 32 33 18 26 31 24 50 19 44 13 6 3 15 9 47 11 17 49 12 21 20 1 29 27 23 25 14 22 43 28 40 5 16 7 
6 23 36 30 16 14 45 31 42 0 44 8 20 3 47 37 26 15 32 18 17 41 39 49 40 38 24 7 25 21 13 29 1 11 35 19 4 46 12 48 33 5 43 50 9 22 10 28 34 2 27 
50 11 0 31 30 5 44 48 36 43 49 3 7 16 27 34 39 12 9 26 19 38 22 28 1 47 46 35 15 24 10 45 2 23 8 6 33 14 13 40 32 17 41 21 18 42 37 20 25 29 4 
23 31 1 13 18 6 12 39 33 10 50 22 42 7 2 32 34 0 43 35 30 37 44 11 3 25 45 14 15 47 48 5 29 26 19 9 49 20 28 40 46 17 41 36 38 27 8 21 4 16 24 
14 3 47 28 41 16 45 29 23 25 26 40 10 43 22 18 7 15 33 20 38 36 42 6 32 19 0 9 5 48 17 30 39 24 50 11 35 44 49 12 21 37 4 2 13 8 27 34 31 1 46 
47 18 4 17 29 14 34 36 16 1 26 2 11 50 48 5 22 9 15 40 42 35 46 49 6 33 25 28 7 23 41 37 8 44 31 39 43 21 0 10 38 3 45 20 27 13 30 19 12 32 24 
20 4 41 9 39 48 25 32 7 17 50 37 27 26 18 38 19 29 35 8 34 42 12 15 13 45 44 14 22 3 36 31 30 5 1 10 23 49 47 46 43 2 33 16 21 24 6 0 11 40 28 
40 20 14 12 34 46 43 16 10 32 7 48 25 28 39 2 33 24 17 8 30 26 35 42 29 36 50 31 22 45 49 13 27 37 23 38 6 3 0 11 5 44 1 19 4 47 9 18 41 21 15 
38 6 24 17 46 12 37 44 22 18 42 30 3 39 33 11 15 14 0 4 1 34 23 9 25 36 48 31 19 10 28 26 5 50 47 8 45 41 29 7 43 27 49 13 21 16 35 2 32 40 20 
14 48 25 2 6 30 7 34 49 17 3 8 45 41 31 1 46 33 39 43 24 0 40 20 19 21 50 37 4 36 18 15 26 9 38 32 5 28 11 10 23 12 42 13 35 44 47 16 29 27 22 
12 32 34 25 23 43 46 24 21 11 5 35 15 4 14 17 18 36 22 26 42 27 37 44 13 16 39 9 20 47 7 31 0 19 6 8 10 49 1 50 28 3 38 33 29 2 40 30 41 45 48 
40 3 20 47 27 17 23 45 6 48 1 10 25 31 42 9 49 21 33 34 35 41 29 50 43 26 16 24 14 18 11 22 30 15 46 4 0 5 32 13 44 28 2 19 36 8 37 38 7 12 39 
14 0 48 35 40 41 8 29 18 4 13 5 21 50 39 37 49 6 11 38 26 32 15 19 10 27 22 43 28 24 2 42 47 20 46 44 34 17 23 7 3 1 30 45 12 36 9 31 33 25 16 
31 27 3 30 34 28 36 46 14 40 17 22 16 35 49 50 44 29 15 39 41 11 43 10 2 20 6 37 8 13 5 21 4 1 24 9 23 19 38 32 45 33 25 42 12 18 47 0 26 7 48 
32 35 22 50 24 9 17 28 18 47 1 15 2 29 37 12 48 44 38 19 11 5 49 6 34 36 31 0 46 8 16 43 45 14 30 21 41 20 26 40 25 7 4 42 27 13 33 23 39 10 3 
28 5 12 9 11 30 2 18 40 37 45 47 38 23 0 32 36 39 10 34 42 31 6 44 41 26 7 22 20 25 17 21 27 1 8 35 19 46 33 16 3 43 13 50 4 24 14 48 15 49 29 
17 49 11 32 6 37 44 19 33 42 46 3 18 5 27 47 45 10 1 35 38 8 43 13 15 16 9 30 20 40 23 26 7 48 14 41 21 39 0 31 12 28 25 2 4 24 50 29 22 34 36 
15 27 1 18 0 45 28 4 41 13 8 35 7 17 38 25 20 12 46 32 29 9 36 42 24 48 44 31 10 39 50 14 40 5 16 21 47 43 6 19 33 34 11 23 22 37 2 3 49 26 30 
16 2 33 40 46 27 1 4 8 22 18 34 0 5 9 6 50 35 32 28 20 14 24 11 17 39 49 3 47 12 44 41 43 36 13 37 23 29 31 38 15 7 26 30 10 45 48 19 42 21 25 
42 39 44 38 28 47 14 29 36 10 49 8 0 6 46 17 12 20 11 18 35 3 21 15 40 45 7 31 23 34 43 4 22 26 2 48 37 24 33 41 16 13 27 9 32 5 30 19 25 1 50 
36 21 50 20 28 5 22 7 6 16 15 4 42 23 0 31 24 35 34 11 26 33 46 25 12 17 48 8 13 39 10 18 2 38 29 1 14 44 3 40 45 49 9 27 37 47 32 43 30 19 41 
4 13 47 0 42 41 44 43 1 50 5 11 33 26 35 8 37 24 2 22 28 32 38 34 9 17 21 23 46 7 3 18 40 30 6 29 48 49 31 39 20 25 27 45 14 19 36 10 12 16 15 
37 16 50 43 30 10 6 0 38 44 1 21 2 15 14 31 33 12 18 11 24 17 8 5 48 29 32 13 46 42 9 27 25 40 47 36 26 3 19 41 34 39 7 23 20 4 45 35 49 28 22 
49 11 16 15 41 21 50 32 2 44 38 45 1 5 3 25 46 26 28 35 39 18 12 30 40 0 27 8 37 47 22 19 4 7 6 14 20 24 42 10 48 13 34 43 33 36 17 9 23 29 31 
17 44 41 36 7 39 25 31 22 37 8 48 47 1 4 35 40 16 5 9 27 29 15 6 20 0 3 2 26 11 33 14 21 43 49 45 50 12 10 19 23 28 30 34 42 18 24 32 38 46 13 
45 12 7 50 39 47 23 2 33 35 18 14 42 31 19 9 40 5 17 25 41 11 8 43 38 10 21 24 1 34 3 15 36 0 27 16 49 6 29 30 20 26 22 13 48 28 32 4 44 37 46 
46 48 7 29 50 11 47 20 34 8 27 25 6 33 38 14 23 30 19 35 40 17 36 39 24 45 15 41 3 21 44 49 13 16 18 37 9 10 42 26 2 0 28 32 12 4 22 31 5 43 1 
41 19 18 20 28 46 22 30 14 7 27 33 10 42 16 31 32 45 35 43 21 25 34 2 39 37 24 3 0 17 40 9 23 4 11 8 47 48 1 5 12 15 36 13 38 29 26 49 50 6 44 
48 34 37 2 20 17 10 29 7 42 41 43 28 49 25 27 6 9 15 39 8 18 32 31 35 47 22 13 21 38 19 46 11 40 45 0 3 1 26 30 4 16 33 14 23 5 50 44 12 24 36 
5 10 24 3 14 2 26 13 34 11 6 19 17 38 49 8 18 45 27 16 7 25 15 36 12 0 42 20 43 4 31 41 23 50 47 35 1 29 39 40 28 32 33 30 48 9 46 22 21 37 44 
