52 100
0 49 45 39 29 2 28 14 47 46 44 4 13 32 11 6 40 42 7 25 30 20 43 27 48 19 33 15 10 21 38 26 3 17 9 23 35 18 16 8 22 24 51 36 50 31 12 1 34 41 5 37 
38 21 48 33 25 13 41 45 44 2 23 10 5 20 9 51 32 4 27 39 29 35 42 49 47 16 46 3 36 22 37 30 19 28 8 0 18 24 14 50 7 26 12 43 31 40 15 17 11 34 6 1 
25 40 32 20 11 34 28 9 13 21 51 19 47 16 37 31 48 1 36 8 42 41 14 27 5 15 10 2 22 17 39 18 3 12 33 7 44 38 4 45 26 43 30 23 0 29 24 49 50 35 46 6 
48 28 9 50 6 30 34 8 31 13 47 22 4 17 51 26 0 25 20 39 43 24 2 14 5 23 27 32 46 12 19 10 38 36 1 49 35 15 37 16 42 45 40 11 3 21 7 18 41 33 44 29 
31 9 26 29 12 6 45 2 48 24 37 5 13 46 51 11 7 47 27 49 35 21 42 36 38 19 15 39 40 22 34 18 17 32 3 8 1 4 28 33 43 20 10 23 50 0 44 25 14 16 41 30 
14 41 19 33 5 1 10 47 18 16 43 46 7 48 36 22 15 42 40 17 8 35 21 12 38 9 44 27 49 39 23 2 20 11 32 13 25 50 31 28 0 30 24 26 34 45 3 6 29 37 4 51 
1 17 12 11 14 23 0 2 9 32 42 48 38 25 31 5 27 16 40 28 4 43 35 51 7 20 6 19 50 49 3 15 44 33 21 8 10 18 39 47 30 34 24 45 13 46 37 36 22 29 41 26 
26 51 10 5 20 29 18 38 34 30 6 4 47 23 19 33 46 24 32 41 16 50 21 31 49 43 9 11 25 45 22 48 12 1 35 0 13 17 44 37 40 7 36 2 14 28 42 15 3 39 8 27 
40 17 22 49 4 32 3 8 29 21 18 43 41 7 31 50 34 45 44 39 13 51 6 16 26 33 12 48 14 46 11 23 25 28 42 37 36 38 9 1 10 24 47 30 20 35 2 19 0 27 5 15 
33 19 31 36 48 18 22 27 40 1 8 13 3 49 20 26 12 15 44 35 17 16 41 2 43 0 5 32 29 9 10 37 6 25 46 24 50 34 45 47 42 4 39 30 7 28 23 38 21 11 14 51 
17 35 26 42 49 41 20 19 18 34 7 32 31 3 36 44 50 51 8 30 43 12 0 46 33 23 1 27 40 45 13 6 2 14 15 28 10 21 22 37 38 29 25 4 39 48 24 9 5 11 47 16 
15 20 34 23 41 45 37 48 17 2 21 51 31 14 3 27 12 9 16 33 26 50 25 49 7 44 40 30 43 46 5 1 39 35 4 42 19 13 0 6 38 47 22 29 24 18 32 8 10 11 28 36 
16 7 50 14 8 20 32 27 22 39 51 30 45 4 36 41 5 25 17 24 19 11 6 29 37 35 23 9 12 3 33 2 26 43 31 10 46 38 15 34 49 48 1 28 44 18 13 42 47 0 40 21 
51 0 49 14 36 32 26 40 37 43 45 24 20 2 33 9 17 48 30 18 11 5 42 50 8 34 16 38 35 4 21 13 12 1 27 22 25 19 47 7 39 6 15 23 44 46 29 3 31 10 41 28 
29 51 28 33 17 38 47 20 18 30 40 11 50 48 13 44 6 2 27 31 3 4 5 7 1 37 45 25 22 10 16 43 23 46 24 35 42 34 15 36 19 9 12 0 14 8 39 49 26 41 32 21 
33 19 50 49 2 24 28 47 42 43 8 46 13 45 40 25 15 7 39 22 18 1 9 34 38 29 17 6 41 48 30 3 44 14 5 27 26 36 0 32 51 4 20 21 10 12 37 31 11 16 23 35 
24 17 42 37 7 20 31 13 38 44 11 40 12 6 23 32 41 34 36 8 16 46 0 50 10 26 2 14 29 47 22 39 4 48 3 27 33 49 18 19 43 15 9 45 28 30 1 25 5 35 21 51 
37 20 1 39 23 6 45 16 33 22 2 36 41 32 40 51 47 24 28 4 26 17 50 15 18 7 38 25 10 34 13 8 44 43 0 29 11 3 31 35 48 9 21 12 19 14 49 27 30 5 42 46 
24 41 11 48 36 2 1 14 23 50 31 46 4 18 22 7 35 19 32 29 26 21 34 40 51 27 33 49 28 13 30 20 43 5 15 16 37 0 6 9 44 10 3 17 25 8 39 47 42 45 38 12 
5 12 41 49 10 50 27 0 9 22 40 48 45 3 28 26 31 37 51 36 17 11 8 13 30 29 14 6 44 33 1 32 34 24 15 7 21 25 42 23 35 46 20 16 43 39 4 18 2 38 19 47 
5 40 11 27 23 46 41 30 37 42 15 33 4 9 43 18 14 20 0 26 45 10 19 16 17 50 34 29 51 25 38 32 36 13 7 6 44 12 47 28 22 48 21 1 39 24 3 31 49 35 8 2 
1 29 2 22 30 13 44 49 19 18 25 12 26 31 48 42 9 40 37 34 32 51 33 43 50 4 23 20 8 21 5 24 28 3 15 6 41 38 14 16 0 36 35 11 17 7 47 39 10 45 27 46 
5 15 8 33 49 22 3 21 45 7 0 13 18 34 30 51 12 11 38 4 35 36 39 50 46 41 19 2 48 40 43 25 14 29 28 9 20 17 6 31 10 23 1 26 47 37 27 42 32 16 24 44 
44 47 36 46 14 21 13 32 8 48 38 23 43 22 7 30 41 45 39 3 42 50 19 15 17 33 6 35 18 40 26 27 34 31 9 20 24 2 29 11 16 37 4 5 1 10 0 25 49 51 28 12 
7 38 20 15 50 13 39 31 4 26 9 10 33 27 19 3 45 43 2 51 0 49 16 24 29 42 23 44 11 21 37 35 28 17 12 36 1 25 5 46 6 22 8 40 34 30 18 47 48 32 14 41 
26 23 45 2 51 0 18 9 30 11 32 6 40 17 50 39 33 7 12 38 24 19 34 28 5 3 36 8 47 16 10 49 22 14 48 25 1 21 13 20 15 29 37 46 43 31 4 42 35 41 27 44 
3 19 6 18 47 33 43 9 51 20 34 15 13 14 0 39 12 5 38 44 16 22 42 40 31 24 7 45 37 1 48 23 29 2 8 4 49 30 21 46 36 11 26 28 50 41 27 10 35 32 17 25 
49 29 35 34 3 37 31 25 0 4 38 13 18 14 21 7 32 26 30 15 24 20 48 46 42 11 2 43 16 23 6 8 45 12 51 39 33 50 22 19 17 47 27 9 10 5 36 1 44 40 28 41 
13 40 3 48 27 31 11 15 29 38 20 1 45 10 32 9 44 4 41 49 6 47 2 36 43 51 17 5 42 37 18 39 28 21 16 23 46 26 30 19 0 25 24 33 7 14 22 35 8 12 34 50 
44 18 20 41 0 36 6 12 47 29 28 39 34 49 15 51 45 35 9 26 8 2 30 10 40 31 11 42 33 38 23 25 50 37 27 43 16 48 32 14 3 13 7 46 22 21 5 1 17 4 24 19 
15 19 31 25 40 44 28 36 10 18 43 22 4 23 29 47 42 5 37 3 39 26 32 0 35 14 48 17 7 21 1 50 45 9 24 51 49 6 41 33 20 2 13 16 38 46 27 12 11 30 34 8 
21 24 49 32 50 6 8 22 30 17 43 12 11 19 41 7 37 5 23 26 4 25 3 34 40 46 13 39 1 45 31 44 35 42 16 47 18 48 51 27 14 29 10 2 38 36 28 33 20 9 0 15 
4 36 43 20 19 16 3 26 2 45 8 7 17 50 18 37 49 10 47 23 35 40 51 31 41 22 5 48 34 1 30 39 0 25 9 33 12 28 6 15 24 38 14 27 32 42 44 21 13 29 46 11 
36 30 7 37 33 5 45 22 47 46 3 14 4 11 28 38 0 20 18 26 16 39 12 2 23 32 24 21 17 13 29 25 48 27 35 9 42 31 50 40 34 1 15 8 6 10 41 51 49 44 43 19 
29 0 19 10 9 36 34 3 48 43 27 15 42 13 8 28 41 30 5 39 14 50 4 33 46 1 45 20 6 22 49 18 11 38 35 21 25 32 7 37 23 47 26 12 40 2 51 31 17 24 16 44 
25 8 16 3 24 17 2 35 14 19 11 27 7 1 20 12 5 38 41 10 9 26 21 39 23 34 47 22 46 29 36 45 50 15 43 51 6 42 18 4 0 32 33 37 31 13 40 49 44 28 30 48 
3 20 17 38 49 33 41 39 46 32 1 50 34 48 2 14 29 28 35 8 25 24 15 7 37 23 0 11 19 16 12 47 10 9 22 40 27 44 42 36 51 4 43 5 21 45 18 13 26 30 31 6 
49 24 47 6 1 10 5 2 3 23 16 35 48 13 36 26 17 18 30 12 33 41 37 4 39 45 51 15 28 32 38 11 21 40 7 22 46 25 19 0 43 34 50 27 44 8 29 14 42 9 20 31 
26 51 41 5 49 23 27 30 31 13 2 47 18 40 7 21 25 12 17 24 14 38 15 4 20 36 33 43 9 1 19 34 44 50 22 46 32 39 28 8 6 29 35 11 16 37 0 48 42 45 10 3 
6 13 27 38 30 39 14 50 18 41 5 31 1 3 11 40 2 46 4 10 45 51 21 47 22 24 42 26 35 43 12 7 20 49 33 28 37 0 29 16 34 19 17 23 9 15 44 48 8 32 25 36 
21 36 14 16 46 45 38 0 29 31 41 25 15 2 20 27 37 32 43 22 4 12 30 3 28 47 33 11 48 26 10 40 1 34 18 35 6 19 23 13 51 24 49 44 8 42 50 39 9 5 17 7 
17 10 14 11 34 37 42 47 12 25 27 21 22 28 5 38 31 41 18 26 39 8 32 40 16 9 20 24 43 36 35 49 0 29 13 46 51 19 1 30 48 2 23 15 4 44 3 33 50 7 45 6 
45 25 19 50 14 43 15 13 1 10 29 32 44 2 26 0 5 34 49 7 30 39 31 18 11 4 12 51 37 36 20 33 8 28 21 35 9 38 17 48 27 46 47 23 41 16 3 6 22 24 42 40 
18 23 21 37 5 43 27 22 40 30 29 49 39 47 3 35 15 28 13 7 44 9 41 31 2 19 17 33 0 12 4 11 1 20 32 48 46 16 50 10 36 26 24 34 38 14 45 25 6 8 42 51 
2 28 36 3 41 5 49 31 27 51 14 8 35 0 6 20 11 48 42 29 1 33 4 40 12 25 21 44 32 37 19 22 30 26 16 39 13 43 23 47 34 15 24 38 45 9 50 10 17 7 46 18 
27 43 49 23 34 24 3 12 9 21 28 32 38 8 47 11 25 31 29 26 45 44 42 5 19 0 33 18 30 17 13 46 10 1 35 6 40 20 4 7 41 15 36 2 14 48 37 39 16 51 22 50 
27 12 38 32 1 4 26 41 33 24 30 37 8 39 7 50 10 51 6 46 43 19 22 0 21 34 18 31 16 29 2 11 35 44 17 36 14 48 47 40 3 20 49 45 28 9 13 42 23 25 5 15 
49 27 21 37 36 45 43 30 32 4 39 22 33 15 25 8 6 10 20 14 1 18 19 44 26 13 41 47 31 51 3 0 29 34 40 24 17 50 23 16 11 5 2 42 35 38 7 9 28 12 46 48 
28 8 20 11 36 27 38 31 50 12 30 10 7 2 46 49 16 25 39 1 0 47 26 35 33 45 32 23 29 51 37 15 17 6 42 44 5 18 14 19 21 3 13 4 9 40 41 48 43 22 34 24 
50 36 8 11 40 19 34 49 21 22 13 4 10 32 39 30 45 15 5 48 27 44 9 31 7 25 42 51 28 47 37 35 38 12 24 16 46 3 17 29 20 2 1 14 0 33 6 43 26 18 41 23 
43 10 41 21 42 3 34 36 8 19 40 17 16 30 0 5 46 37 31 25 38 23 20 9 4 45 14 12 22 48 7 29 27 49 32 35 2 51 18 33 26 28 24 47 39 50 44 6 15 13 11 1 
1 36 50 9 25 30 3 7 48 51 47 12 8 44 42 6 20 2 29 13 18 49 19 40 0 23 37 33 43 16 10 24 5 46 21 14 28 4 22 17 31 38 45 32 39 26 35 34 27 15 11 41 
36 2 48 0 37 20 29 16 27 31 32 3 35 39 47 34 11 18 19 51 26 40 50 38 23 8 30 49 25 24 33 15 6 12 46 45 44 21 22 9 28 4 17 14 43 10 41 13 42 1 7 5 
13 47 46 1 39 28 2 48 42 19 14 44 36 0 31 20 33 30 35 24 10 3 9 15 12 21 50 23 40 49 6 17 16 18 34 7 38 41 11 25 32 26 8 37 27 45 51 4 22 5 29 43 
12 9 49 21 50 29 38 46 23 14 27 44 5 13 40 48 42 43 22 10 0 31 32 11 20 37 7 30 28 6 25 8 35 1 26 18 17 36 34 4 45 2 33 19 39 24 51 41 47 3 16 15 
15 38 2 21 20 3 32 4 14 11 13 7 44 1 45 28 17 40 25 37 49 9 10 12 6 30 51 50 47 27 19 31 22 36 16 42 0 48 34 26 29 5 8 39 43 24 33 35 18 23 46 41 
26 48 42 0 44 30 1 33 16 41 10 8 39 17 3 36 31 29 51 27 35 25 40 21 4 15 34 23 5 20 24 37 12 11 45 47 49 22 6 50 38 2 19 28 18 32 46 9 13 43 7 14 
50 10 24 37 6 25 34 27 22 23 41 42 8 14 51 28 16 31 33 26 30 1 32 4 2 44 17 43 3 48 11 38 13 0 46 5 9 35 18 7 47 19 45 49 39 29 15 40 36 20 21 12 
43 45 23 18 11 32 14 38 9 47 27 35 33 13 22 34 15 21 1 29 8 50 0 28 4 20 44 17 48 6 37 5 25 12 10 40 30 46 2 42 49 19 3 26 16 24 7 41 51 31 36 39 
16 20 48 42 1 27 10 2 43 49 11 50 24 35 47 4 44 18 8 19 36 22 34 30 39 6 9 38 13 17 37 25 45 21 51 12 7 28 15 46 23 5 0 26 32 14 33 40 3 29 31 41 
30 34 23 44 0 36 35 24 28 41 29 8 2 43 15 40 19 25 14 11 49 12 45 5 13 50 48 10 33 20 3 7 27 37 26 47 46 9 31 39 16 6 18 22 32 21 51 38 17 42 4 1 
7 29 1 43 36 37 12 13 17 20 47 41 25 45 46 44 33 19 8 4 31 32 3 0 23 15 49 27 2 26 34 28 24 38 51 22 6 35 9 18 21 50 40 42 11 16 14 10 48 30 39 5 
7 35 29 9 16 8 11 47 40 27 34 24 32 43 49 6 17 38 41 51 39 18 19 44 36 0 46 3 10 31 48 25 13 23 37 5 15 33 22 1 50 4 21 28 45 14 30 2 42 12 20 26 
16 38 27 17 30 23 13 7 33 41 37 10 36 43 26 8 49 50 18 51 35 44 5 25 42 15 29 9 48 0 32 34 11 28 46 4 14 24 6 45 2 31 3 19 40 20 39 22 21 12 1 47 
22 15 49 3 23 14 44 40 9 36 50 28 42 38 41 48 1 17 16 27 34 10 33 24 5 51 46 31 7 26 4 11 21 25 35 13 8 6 39 32 45 30 0 12 43 47 37 20 2 19 29 18 
11 3 47 34 29 10 46 35 39 19 44 32 17 45 43 27 50 15 51 49 21 37 26 28 30 20 36 4 5 31 48 40 9 14 1 8 42 18 16 23 6 7 0 41 12 25 13 24 33 2 38 22 
2 42 11 13 9 31 46 25 32 0 18 38 51 3 20 47 14 44 12 4 41 33 8 30 26 5 27 10 24 7 15 6 39 43 50 19 45 21 49 16 48 1 22 28 34 40 36 17 35 23 37 29 
20 48 35 14 4 12 51 5 26 37 31 1 13 50 40 21 11 9 45 29 18 2 15 27 30 0 46 32 34 17 38 36 7 42 28 8 23 3 39 10 49 41 6 43 22 19 25 47 33 16 24 44 
41 11 20 46 3 48 25 28 30 33 21 51 26 2 39 22 45 32 38 0 16 29 14 5 19 35 27 47 34 49 43 50 1 24 7 13 18 8 9 17 6 42 37 31 4 40 36 10 15 23 44 12 
9 45 42 26 22 43 46 27 23 32 40 31 21 39 41 14 35 11 38 18 10 34 3 2 7 51 6 36 13 50 30 37 25 15 33 28 47 12 16 5 29 49 4 17 1 44 8 48 19 24 20 0 
15 39 46 24 4 7 25 9 20 48 1 17 14 10 27 43 16 37 8 33 3 49 38 41 31 35 0 5 26 34 51 22 42 50 30 36 13 6 40 19 28 23 29 32 47 21 45 2 44 12 18 11 
47 35 14 21 20 8 22 41 27 45 0 18 37 43 30 49 48 16 40 13 31 2 39 29 34 6 26 19 15 7 25 5 23 36 44 46 50 10 3 38 9 28 24 42 1 32 51 11 17 33 12 4 
49 3 51 14 19 21 30 8 44 12 18 1 33 23 36 13 45 7 48 22 34 26 37 20 50 35 6 38 42 17 9 27 39 10 24 25 0 15 31 46 40 43 11 47 32 16 2 28 41 29 4 5 
45 24 3 18 29 46 34 4 14 12 39 19 0 11 50 7 48 38 5 31 25 41 8 1 44 27 40 35 28 10 16 23 32 21 51 17 6 47 26 20 2 37 22 30 13 43 15 49 42 33 9 36 
32 30 23 9 21 4 48 44 10 27 25 33 36 40 3 17 7 38 26 34 51 39 41 29 28 20 43 19 47 6 1 22 15 35 16 8 31 11 14 18 2 24 42 50 13 5 0 37 46 49 45 12 
41 47 49 25 29 35 0 44 4 18 45 7 20 32 10 40 48 19 24 2 39 14 11 17 8 27 43 5 13 33 26 21 1 38 15 46 30 3 16 34 42 37 36 9 50 28 22 23 31 51 12 6 
44 26 33 27 34 32 17 11 23 5 28 2 3 41 50 1 9 45 13 15 36 37 49 29 18 8 22 19 30 47 0 40 25 51 14 24 38 7 46 21 31 20 16 10 42 43 12 48 4 35 6 39 
11 30 5 37 44 18 15 0 43 12 21 32 39 7 35 29 51 8 2 17 19 14 38 3 36 34 49 25 41 6 10 27 23 1 24 47 16 45 48 46 42 50 22 20 28 13 9 4 31 26 33 40 
44 7 26 18 10 12 47 31 43 0 46 41 40 6 21 13 45 36 22 2 19 11 14 39 35 51 29 17 30 27 28 1 38 4 5 20 32 34 3 50 37 16 33 49 8 23 24 25 9 15 42 48 
37 12 39 6 17 29 23 33 45 9 26 3 41 11 42 30 40 36 27 10 15 31 1 48 21 16 5 22 18 13 7 8 2 14 25 47 43 0 24 49 50 4 28 51 20 44 32 35 19 34 38 46 
5 11 7 38 41 27 1 42 26 17 40 49 25 33 15 14 51 46 45 8 18 36 4 10 23 2 29 50 39 6 44 16 28 13 12 24 35 31 9 48 30 22 21 0 3 43 37 34 20 32 47 19 
48 5 49 51 21 38 11 46 14 40 31 42 17 0 33 26 24 13 41 7 8 20 3 30 44 35 18 28 43 16 25 1 37 45 47 6 12 23 4 39 19 32 34 22 9 2 36 27 50 10 29 15 
25 21 24 27 14 18 37 32 38 6 45 43 51 35 19 31 4 39 46 36 9 13 8 49 44 33 3 30 22 12 34 28 23 17 20 2 50 48 42 41 7 11 40 26 5 16 0 10 1 47 29 15 
19 37 34 0 44 35 45 26 2 7 21 17 36 43 24 11 16 46 13 49 5 38 28 6 40 15 18 20 4 3 41 47 8 39 1 48 33 14 42 50 25 31 27 22 23 9 30 10 32 29 12 51 
22 24 5 51 12 46 37 33 34 20 36 31 47 1 4 10 17 2 28 0 30 50 15 44 40 3 41 14 29 9 8 6 21 43 18 38 19 45 27 39 42 49 35 7 13 23 11 26 32 48 25 16 
39 9 5 4 3 51 14 12 41 31 13 25 17 44 11 8 15 38 46 27 47 28 23 1 34 30 22 29 45 35 16 21 48 24 7 19 49 43 40 20 26 33 0 42 10 37 32 50 2 18 6 36 
20 9 41 50 12 8 10 43 7 13 18 28 15 39 3 11 40 30 38 36 29 17 48 31 32 19 6 26 22 0 16 1 5 35 37 21 27 51 4 24 47 34 2 14 45 42 23 25 49 33 44 46 
15 39 48 0 8 28 32 30 34 45 3 42 44 5 31 20 1 4 38 43 13 46 21 35 22 47 6 50 41 17 10 36 14 51 37 40 26 11 27 9 33 12 49 18 23 19 29 25 16 2 7 24 
34 43 19 6 20 36 8 4 50 29 22 45 35 25 21 51 23 13 15 32 14 11 42 17 47 37 30 38 44 48 24 28 39 26 2 33 16 10 46 1 49 31 3 9 5 40 27 0 18 7 12 41 
24 22 9 39 7 2 31 51 0 21 6 26 50 35 12 49 16 47 28 44 25 17 43 8 4 11 36 34 18 20 37 29 14 38 42 45 46 23 40 48 19 3 30 41 32 10 13 1 5 27 33 15 
22 17 47 19 49 4 27 15 3 41 33 46 23 48 32 51 5 1 18 35 42 12 7 16 38 43 50 20 24 6 28 34 10 13 26 2 8 37 21 0 44 45 40 36 30 9 11 31 39 25 14 29 
43 17 8 27 30 41 11 13 2 5 6 22 45 16 44 4 32 23 38 29 47 20 35 31 1 37 10 25 19 24 39 40 0 9 33 42 15 3 28 21 51 48 34 14 46 18 26 49 12 36 50 7 
15 30 8 10 0 4 14 24 40 6 41 39 18 42 49 22 1 46 35 26 11 44 19 2 7 5 51 50 43 37 45 33 3 29 17 23 16 20 48 36 34 9 28 21 25 47 31 32 38 27 12 13 
24 3 21 47 36 13 30 41 2 42 37 11 27 45 33 20 22 38 39 7 15 4 43 17 28 51 9 26 10 29 12 23 18 35 32 5 48 16 31 44 40 0 49 46 1 6 50 25 34 8 19 14 
9 1 4 26 3 11 42 38 24 34 31 28 2 30 6 44 32 16 8 12 46 13 47 21 14 7 0 40 27 35 39 36 19 17 10 22 51 37 23 50 49 33 25 43 41 15 20 29 48 45 5 18 
0 10 1 51 48 16 22 4 27 41 6 42 35 32 3 46 36 38 2 20 23 11 45 47 34 43 17 8 29 14 7 5 30 21 31 15 18 9 19 25 33 12 13 26 50 24 44 37 28 49 40 39 
16 26 35 19 45 21 46 34 29 49 6 25 9 37 13 39 28 41 32 43 48 1 14 4 36 40 31 38 50 20 27 15 23 51 5 10 44 30 11 33 3 12 24 7 8 17 2 18 0 42 47 22 
14 18 39 12 29 10 36 30 5 7 38 34 6 23 28 50 25 2 45 51 33 19 11 37 46 3 8 49 13 44 16 9 20 21 47 24 40 17 35 41 43 26 22 48 31 1 27 4 32 0 42 15 
18 21 3 34 7 10 0 16 43 29 38 9 47 24 28 15 40 35 20 14 30 44 6 1 19 12 11 50 17 48 41 8 51 49 36 46 13 23 2 42 33 4 22 25 45 27 5 31 39 37 32 26 
46 22 23 6 28 32 35 26 40 8 16 19 14 47 27 33 9 49 38 5 20 31 21 10 3 41 4 0 34 15 12 11 43 30 50 25 36 48 42 18 7 51 45 37 17 44 29 13 39 2 1 24 
