70 100
19 11 8 59 67 16 48 61 23 51 21 46 35 33 36 58 24 26 62 3 50 41 49 18 28 54 53 9 56 55 22 10 5 52 34 7 32 60 29 38 63 0 37 39 64 57 31 42 4 47 43 68 20 12 30 25 17 27 6 40 69 65 1 66 15 45 14 2 44 13 
9 28 61 26 33 13 32 4 52 69 2 46 39 64 38 16 36 44 58 55 45 37 19 35 30 40 23 68 24 10 0 34 50 43 51 62 48 12 15 5 54 57 31 3 17 60 22 63 49 14 53 6 66 67 59 29 18 25 47 65 41 1 27 42 8 20 7 11 21 56 
56 61 43 39 11 27 55 45 26 36 59 25 66 50 65 40 64 46 20 49 9 57 33 48 35 6 18 24 28 69 16 29 38 47 1 23 68 51 0 42 14 54 22 34 12 63 67 60 4 7 13 10 37 2 58 52 62 30 31 41 53 44 21 17 8 5 19 15 32 3 
52 61 27 6 55 51 31 12 44 64 32 65 36 45 23 33 10 8 15 30 26 7 14 16 22 54 67 40 56 2 28 21 19 37 11 47 60 57 3 68 39 50 13 66 43 46 58 17 24 20 41 18 63 34 9 0 29 1 69 42 5 48 62 49 53 25 59 38 4 35 
4 18 37 60 38 23 45 2 61 13 8 34 56 32 1 39 6 25 64 42 63 57 26 20 54 33 11 51 48 41 58 19 35 24 22 49 65 9 3 36 46 16 0 44 15 47 27 12 10 21 43 69 66 40 55 68 31 67 5 29 14 52 59 50 28 7 62 17 53 30 
3 45 29 69 57 48 64 61 10 16 40 2 37 46 34 20 12 6 53 41 58 65 68 27 4 23 24 47 25 60 55 51 30 42 39 32 59 56 14 21 36 62 22 26 11 35 7 19 44 52 49 54 33 1 13 17 5 63 43 15 66 38 31 28 18 50 67 0 8 9 
61 23 54 55 63 13 30 2 11 22 40 38 29 33 56 47 25 21 27 59 9 68 24 58 51 6 17 60 7 65 20 5 66 36 10 12 35 34 32 4 16 42 1 41 43 14 37 69 3 18 64 57 8 62 15 46 39 67 53 50 52 19 28 31 49 45 48 44 0 26 
13 18 42 57 32 46 35 55 27 22 68 38 25 14 36 49 30 31 61 39 24 3 58 45 37 29 26 5 53 0 44 48 2 33 23 34 1 43 65 41 54 4 60 8 20 62 7 47 51 56 11 64 50 21 63 67 19 16 28 69 66 59 17 9 10 6 12 52 40 15 
65 67 56 15 55 25 63 47 69 51 58 30 36 34 48 12 11 54 16 26 21 64 32 13 60 61 4 62 57 5 0 38 17 28 53 43 52 66 8 44 6 22 20 9 10 37 2 42 68 33 59 19 46 41 27 45 7 29 31 49 40 18 35 1 50 39 14 3 24 23 
50 30 33 35 43 32 21 39 65 63 2 41 64 16 26 37 69 66 61 4 55 3 51 28 13 19 53 49 1 24 59 5 23 62 20 57 52 22 67 46 17 27 58 60 15 54 29 38 25 68 31 6 56 34 8 9 18 0 12 40 7 42 11 45 48 47 36 14 44 10 
57 2 44 1 62 6 53 18 31 41 68 17 61 11 0 15 69 46 55 33 23 52 63 27 34 49 56 66 58 32 29 51 8 59 67 65 42 39 13 28 14 36 60 25 3 26 64 10 4 37 20 47 45 9 5 48 24 12 38 22 16 19 7 50 54 35 43 30 21 40 
37 40 51 60 53 16 34 20 28 33 61 65 9 59 69 46 39 64 26 8 2 44 27 31 48 52 22 0 47 4 57 67 11 49 17 62 55 58 13 66 25 10 54 35 12 30 32 41 56 19 5 18 24 1 42 68 38 21 7 29 36 15 3 6 43 14 50 45 63 23 
55 41 29 32 56 42 23 12 22 0 13 7 37 17 48 38 28 40 69 2 53 19 30 65 60 39 8 6 4 18 54 50 3 1 10 36 45 49 43 64 61 59 24 33 47 15 57 21 58 35 25 34 16 26 31 5 11 68 9 63 44 20 52 51 27 62 67 14 46 66 
40 28 63 13 38 33 32 49 59 18 42 39 3 36 57 22 30 7 43 10 55 27 46 2 56 16 58 41 52 21 35 19 37 64 8 26 51 47 6 62 67 68 14 48 20 29 12 34 25 65 5 45 61 17 44 50 9 69 31 54 53 60 23 1 0 66 11 15 4 24 
46 50 3 1 30 38 52 12 7 45 13 59 56 21 67 66 39 5 64 23 22 41 42 32 48 4 9 10 27 16 6 40 19 15 34 20 65 2 61 36 26 18 43 33 68 44 11 63 28 24 8 25 54 51 31 57 14 35 60 47 62 0 55 17 49 53 58 69 29 37 
32 2 30 55 38 42 40 27 68 50 10 69 11 31 1 7 0 61 67 8 17 14 34 62 49 37 41 22 36 28 20 15 21 33 44 64 6 59 45 65 35 46 58 60 13 3 51 53 12 54 47 25 16 56 52 29 48 26 39 18 66 63 5 57 19 9 24 23 4 43 
33 7 52 56 27 60 49 58 18 19 6 57 0 12 23 30 2 53 47 41 5 54 40 42 16 8 13 15 48 55 50 67 11 29 65 14 21 69 25 36 64 26 17 20 39 34 44 22 4 45 59 46 32 24 38 43 68 9 1 51 35 28 3 62 63 61 31 66 10 37 
4 35 2 62 15 31 10 26 56 69 13 41 8 63 5 12 68 3 40 60 52 42 23 28 50 46 22 67 1 47 59 20 51 64 48 37 36 43 44 18 7 14 58 61 33 21 65 55 6 25 49 17 34 38 0 11 32 29 57 27 19 66 30 16 9 45 53 54 24 39 
54 24 35 58 31 32 34 18 1 21 49 38 15 43 6 37 53 36 47 50 62 2 48 25 59 67 13 42 33 16 52 46 30 40 14 45 22 41 3 27 68 57 11 28 26 0 8 65 51 60 39 20 17 7 61 56 12 64 19 63 9 5 55 23 10 66 69 29 44 4 
66 26 33 8 15 54 57 55 24 6 51 7 53 31 65 43 64 58 62 38 35 14 40 5 23 13 22 12 2 10 42 60 29 68 63 36 1 49 69 28 30 16 25 34 39 56 41 67 18 50 37 61 3 44 9 11 59 45 21 4 19 17 0 48 46 20 27 32 47 52 
28 20 1 65 43 33 39 31 52 60 46 13 69 14 4 49 24 35 66 68 45 55 37 19 2 23 36 56 22 40 6 38 44 50 12 54 48 25 27 67 53 30 17 18 7 41 9 8 34 61 59 15 0 63 64 47 10 16 62 3 11 5 29 58 57 32 42 51 21 26 
25 21 46 13 8 17 61 54 11 2 27 43 48 1 26 24 19 28 23 62 18 10 66 34 50 14 20 32 7 68 42 52 58 64 39 63 59 3 38 6 4 47 49 22 12 5 29 41 69 60 55 65 9 33 45 15 35 37 51 67 16 44 56 0 30 31 57 36 40 53 
18 11 39 44 38 17 37 28 19 34 10 54 49 62 27 55 36 31 15 51 64 30 0 57 40 23 32 67 61 1 2 46 48 20 25 60 58 66 9 29 8 26 65 47 33 7 12 22 45 4 6 3 56 50 16 21 41 35 14 5 24 68 42 43 63 53 52 13 69 59 
43 47 20 38 28 2 40 25 65 12 58 55 3 50 59 10 57 15 63 22 7 53 27 46 21 36 13 8 69 68 29 51 32 6 17 37 19 56 35 33 39 23 16 48 61 45 18 41 4 14 49 34 30 26 66 9 60 0 64 44 24 5 62 67 1 11 54 42 52 31 
68 46 30 35 69 7 51 48 55 5 23 33 49 66 17 25 37 38 32 41 1 22 58 36 14 24 11 18 61 20 9 50 8 0 2 10 42 13 28 16 29 52 6 65 59 47 54 63 3 45 43 31 21 56 12 60 39 27 64 53 15 26 62 67 4 34 57 40 44 19 
50 69 5 48 49 39 61 2 36 66 25 16 37 44 3 60 7 51 28 30 19 13 35 4 42 9 8 43 62 46 63 33 23 14 15 0 52 27 53 32 54 67 11 31 68 40 55 47 10 59 41 17 56 24 65 57 38 18 26 6 64 20 29 1 22 45 12 58 21 34 
30 21 40 69 53 43 39 55 37 59 35 49 60 57 2 9 48 15 27 17 64 65 16 67 7 42 44 63 0 29 18 13 51 33 24 3 50 10 26 34 41 5 52 56 20 62 38 23 12 58 54 45 1 32 4 68 28 22 66 14 19 46 61 25 47 31 6 11 8 36 
62 47 14 5 53 10 36 35 17 50 8 57 27 49 40 64 4 54 52 20 44 28 16 38 1 19 33 6 31 48 66 37 23 29 55 0 34 39 25 9 42 45 15 59 69 58 24 13 18 26 56 7 21 43 22 3 61 65 67 68 63 11 51 32 60 2 12 46 41 30 
24 12 43 67 33 60 28 54 22 56 27 45 32 64 11 48 2 5 31 39 47 29 53 9 8 57 63 40 3 55 6 10 23 37 14 44 36 21 16 25 38 69 34 17 52 7 50 19 46 0 1 58 61 62 15 35 59 18 4 65 66 30 49 42 51 13 41 20 26 68 
56 28 53 32 62 7 67 16 69 50 4 19 23 49 11 59 35 45 10 41 3 39 30 9 5 15 17 51 25 33 37 26 22 54 24 27 2 14 47 68 52 65 64 48 31 6 8 42 13 66 40 21 60 12 29 0 36 18 61 38 44 58 1 34 43 20 55 57 63 46 
63 68 9 62 10 2 41 52 56 61 48 54 43 19 20 66 3 4 27 5 42 60 34 59 12 21 53 47 38 26 67 6 55 58 18 28 65 69 8 25 23 57 64 16 13 24 31 50 44 40 45 46 39 15 7 30 11 1 35 32 36 14 49 22 51 17 29 37 0 33 
25 1 50 18 2 6 66 3 27 32 57 36 29 8 17 49 23 39 38 26 4 15 58 0 24 67 64 5 69 63 11 13 47 19 62 37 30 44 12 51 35 45 65 59 10 22 60 42 54 53 68 40 16 34 56 33 55 52 41 21 20 48 61 28 9 14 46 31 7 43 
36 37 69 24 59 14 35 61 10 29 38 33 45 16 57 44 47 0 63 64 42 17 60 11 12 55 52 56 66 50 58 19 65 26 6 49 32 13 8 39 46 34 31 7 41 30 51 2 15 18 67 40 22 9 20 4 62 68 5 27 21 28 3 25 1 48 53 54 23 43 
34 58 51 31 2 20 13 16 66 26 8 29 15 40 63 17 50 43 5 47 60 61 44 54 45 4 41 11 39 3 21 57 18 36 14 65 24 1 48 19 32 55 0 12 38 25 22 69 46 59 27 52 23 10 7 37 42 9 49 68 28 64 30 67 62 53 56 6 33 35 
30 69 28 61 21 64 12 35 58 63 36 48 59 46 65 10 52 50 40 45 17 11 34 4 51 53 66 1 38 22 13 16 54 37 14 60 20 9 8 18 29 41 44 19 6 24 26 15 67 42 0 39 57 25 23 2 31 5 47 32 49 27 56 62 33 68 3 55 43 7 
21 33 64 55 0 45 26 25 40 11 34 60 3 53 6 5 10 32 17 9 63 1 37 51 68 16 49 22 19 48 14 56 23 52 43 42 44 4 8 50 29 31 58 38 41 18 54 47 20 46 2 69 27 62 7 59 57 28 39 65 15 61 67 24 66 35 12 36 30 13 
3 33 48 6 58 57 38 19 62 18 15 2 59 53 63 17 8 1 49 35 42 12 20 23 30 25 34 37 11 68 29 13 36 44 4 65 50 67 0 66 47 64 26 24 28 31 27 56 22 5 21 41 52 51 32 7 60 9 54 10 46 69 55 40 16 43 45 39 61 14 
52 18 11 13 36 16 53 43 7 31 49 33 39 38 63 0 48 26 1 57 67 20 40 21 61 46 58 30 6 60 12 66 19 69 35 17 28 50 34 68 54 45 25 56 22 32 23 15 47 42 9 62 65 5 3 10 14 64 37 4 24 51 59 8 44 27 55 2 41 29 
33 40 16 6 9 13 68 51 18 60 38 61 28 20 19 69 24 48 47 29 42 4 56 45 12 57 2 34 49 37 10 31 59 39 3 26 35 62 58 1 53 21 15 63 54 50 11 64 43 8 7 0 65 44 14 55 25 36 23 46 17 67 41 30 27 66 5 22 52 32 
19 35 14 37 42 22 50 69 48 41 56 21 28 0 66 30 15 46 36 13 9 26 25 16 43 27 23 29 59 67 52 8 68 7 1 17 60 39 44 63 2 38 53 20 64 57 58 32 61 45 18 51 12 3 4 49 47 6 34 62 54 40 55 24 11 65 31 33 10 5 
29 12 0 34 38 7 26 41 47 64 17 62 63 50 52 39 44 10 67 19 8 33 22 57 43 37 36 1 2 28 59 30 53 69 13 23 27 56 61 5 55 24 65 14 46 16 11 68 66 18 31 58 40 6 4 21 25 45 49 51 54 20 60 42 3 35 9 15 32 48 
54 28 53 35 0 67 62 17 14 36 29 25 45 23 16 7 3 61 31 5 20 9 56 52 41 64 46 22 32 12 63 30 40 39 10 49 11 65 43 21 58 8 48 38 69 24 68 66 57 13 51 18 37 47 33 26 44 6 27 4 42 59 60 15 2 55 34 19 1 50 
12 14 13 15 56 42 57 69 29 68 61 28 43 49 33 35 40 3 27 36 63 2 10 44 8 38 51 1 59 48 16 26 20 47 45 17 66 0 6 64 65 67 5 30 55 46 22 25 37 23 19 9 58 21 50 53 41 24 52 31 60 4 39 18 11 7 32 34 54 62 
66 16 49 13 42 20 45 63 3 62 18 27 68 52 0 35 36 29 6 1 23 37 21 39 65 60 46 47 12 31 64 10 4 28 32 34 30 11 43 58 44 9 69 59 50 57 53 7 17 2 40 56 38 8 41 55 54 25 24 33 15 51 19 5 26 61 67 22 14 48 
57 8 43 24 49 19 69 25 27 2 55 28 15 37 61 32 1 53 16 31 10 11 65 41 48 67 4 47 7 6 54 60 50 12 40 13 52 35 44 14 38 23 36 9 18 3 62 34 33 0 56 39 29 42 30 58 21 64 59 26 17 66 5 63 46 20 51 22 45 68 
32 58 47 15 19 65 2 59 17 28 10 16 44 6 64 41 39 67 62 48 69 23 20 66 26 11 46 24 33 40 22 18 7 34 3 49 0 9 61 37 29 36 27 57 31 1 12 63 35 25 43 52 42 14 45 53 54 51 50 55 56 4 38 68 5 21 30 8 13 60 
12 21 3 20 8 68 9 65 23 54 35 32 13 22 18 41 63 46 40 66 7 30 1 6 51 25 24 0 11 48 50 43 15 4 60 52 28 57 34 26 64 5 45 16 59 39 37 38 2 19 62 56 29 42 55 67 47 27 44 36 17 69 53 31 58 61 33 14 10 49 
23 17 34 30 0 53 45 33 15 36 12 26 51 52 32 40 47 48 22 59 10 38 37 54 7 46 49 24 57 69 4 61 68 9 25 3 1 14 41 11 8 35 18 63 39 16 67 62 58 42 55 19 44 6 28 60 13 31 50 43 20 27 65 29 66 64 56 5 21 2 
53 50 40 42 27 47 63 28 20 19 10 39 26 33 11 25 22 5 38 43 29 9 69 2 48 6 60 4 14 62 24 52 18 57 51 64 56 31 66 45 65 30 17 46 67 36 32 1 61 8 35 13 37 21 12 16 41 44 15 7 58 55 59 0 23 34 54 68 49 3 
61 39 56 42 58 2 23 13 48 52 51 38 68 15 41 4 53 29 60 0 55 43 37 22 3 6 49 10 27 24 65 67 45 62 36 16 32 50 57 33 28 20 34 44 19 12 9 54 17 8 7 30 31 21 26 47 18 64 5 69 63 14 1 35 46 66 11 40 25 59 
10 69 34 15 43 25 5 52 7 48 19 50 26 64 18 66 63 68 61 6 37 16 46 1 22 53 54 23 13 3 0 62 12 24 21 8 44 28 31 27 14 4 30 2 38 47 11 35 55 56 49 40 17 58 57 67 36 51 32 59 60 42 20 29 45 33 65 41 39 9 
11 30 38 2 4 17 18 21 42 64 6 62 24 34 45 7 67 12 58 52 26 36 66 63 28 40 10 41 51 23 59 32 68 57 31 47 13 69 65 61 46 14 55 49 60 44 35 20 56 9 43 8 22 16 15 53 25 3 39 37 48 27 19 5 1 54 29 50 0 33 
40 8 4 16 41 59 36 65 25 21 57 56 67 53 17 22 29 39 63 60 6 5 38 46 26 48 7 61 50 27 3 28 42 0 23 30 14 19 37 11 52 20 9 69 18 51 35 44 58 62 64 1 54 31 47 55 24 15 66 49 45 12 33 10 34 68 32 13 2 43 
62 39 57 17 2 66 21 32 59 42 7 45 63 68 69 16 56 5 26 44 1 34 50 27 24 6 30 53 4 23 52 46 43 15 58 54 48 37 28 55 25 14 3 49 22 9 19 61 33 20 38 31 29 51 60 36 40 67 47 64 13 11 41 10 65 35 18 0 8 12 
49 11 64 41 59 37 40 65 17 22 30 68 36 28 12 4 3 38 48 50 20 25 33 2 14 45 29 0 19 16 24 6 61 27 21 56 58 23 46 10 69 26 53 54 35 52 13 7 39 55 18 31 43 32 1 47 63 62 15 57 44 66 9 42 51 5 8 60 34 67 
41 0 6 29 60 68 18 8 16 37 35 10 65 57 63 26 19 42 25 28 31 17 21 47 11 22 45 7 34 27 64 55 44 58 38 62 53 52 56 61 66 2 30 3 15 54 12 50 4 9 69 24 33 5 43 13 48 23 49 1 32 46 14 67 59 40 39 36 20 51 
51 23 49 12 6 7 19 42 0 21 68 36 50 44 43 41 52 38 39 22 66 47 16 30 13 25 1 3 67 53 58 37 32 14 4 45 62 10 56 65 69 17 9 18 15 59 34 27 57 63 29 2 40 35 54 11 31 61 8 26 24 55 64 60 5 28 46 48 33 20 
66 10 28 35 46 44 26 57 41 6 21 55 65 3 47 2 11 63 68 16 14 23 59 38 56 40 31 32 62 19 49 8 30 4 64 51 29 22 5 50 39 9 53 69 24 54 12 18 36 45 7 48 52 42 15 67 37 34 27 13 43 17 0 20 1 61 58 60 33 25 
26 55 4 54 40 20 21 47 60 66 68 61 29 48 41 17 23 32 51 8 53 38 57 64 28 1 10 62 65 11 35 18 14 46 12 37 25 6 30 56 33 13 3 22 16 49 44 31 24 7 9 36 39 0 67 58 19 2 52 34 45 15 5 69 63 42 27 50 59 43 
31 51 59 53 36 11 20 66 12 63 47 8 29 16 2 5 34 61 40 62 44 24 37 56 7 19 49 6 45 26 14 3 22 35 21 41 33 54 60 38 57 67 18 4 48 58 23 46 25 68 27 0 30 15 69 39 64 10 28 52 43 13 55 32 65 9 1 17 50 42 
42 2 30 27 50 66 69 21 12 18 9 19 41 13 54 36 43 3 33 52 39 64 62 37 5 25 63 20 0 51 16 31 45 24 61 67 68 46 47 53 59 29 55 40 44 28 35 15 4 38 10 8 65 14 49 60 11 26 17 23 32 34 1 58 57 48 6 7 22 56 
58 63 42 49 52 50 19 61 27 20 59 32 12 37 54 55 5 4 40 64 65 33 36 26 35 44 48 38 13 57 15 6 25 2 14 45 56 7 17 10 66 47 43 60 21 28 24 51 8 9 11 23 69 16 34 62 30 67 53 41 29 1 68 22 3 0 18 39 46 31 
40 43 5 28 47 32 49 26 6 24 3 23 39 63 22 48 7 36 4 52 16 8 17 60 1 10 34 30 14 46 9 57 38 61 65 27 15 35 21 56 54 41 25 68 11 31 55 18 53 66 67 12 19 51 44 13 20 33 58 59 0 69 2 45 50 37 42 64 62 29 
42 44 23 1 47 14 58 34 8 26 66 20 49 35 64 67 18 21 53 4 37 12 10 36 17 6 24 22 59 11 65 30 52 16 51 46 45 15 41 48 13 0 50 27 55 62 63 31 2 40 60 39 69 28 61 33 56 54 5 29 43 3 32 7 19 25 38 57 68 9 
8 23 40 7 32 39 66 35 5 49 47 17 43 41 15 6 1 46 69 11 27 21 57 60 67 36 34 59 45 22 19 14 63 12 53 42 33 20 18 30 61 28 31 64 26 13 54 9 56 58 50 29 37 38 25 44 24 68 51 55 10 2 3 48 65 4 62 16 52 0 
41 49 10 57 5 40 45 17 21 6 30 33 29 62 8 46 48 20 37 47 63 51 24 53 19 69 26 23 38 44 27 22 56 39 11 31 7 13 14 18 2 32 54 61 43 42 34 15 64 28 12 1 0 66 4 16 55 60 58 3 65 9 35 52 25 50 67 68 36 59 
2 3 68 33 40 1 45 9 32 66 21 47 15 13 43 4 10 54 37 27 17 22 56 26 30 34 5 52 42 62 44 35 19 48 16 53 69 8 25 50 7 31 65 6 18 61 41 59 64 60 28 29 38 24 63 51 23 20 11 67 39 49 57 12 0 14 46 55 36 58 
4 63 34 57 0 69 21 9 44 39 47 2 41 17 59 33 32 48 42 27 30 40 35 11 16 37 20 64 49 3 54 24 5 58 50 67 36 10 55 22 31 12 65 14 7 23 62 61 43 6 60 1 45 19 25 18 53 56 15 51 46 8 29 68 26 13 52 38 66 28 
23 30 3 24 39 55 45 14 28 26 20 21 64 5 16 62 19 41 52 69 53 42 10 48 49 38 51 12 40 29 13 59 50 68 67 63 34 4 22 43 18 11 46 47 15 17 0 66 56 57 58 8 27 36 25 37 6 31 33 54 2 1 61 7 35 60 44 9 32 65 
15 18 3 41 66 39 0 55 50 13 24 26 36 25 59 49 32 61 42 8 34 45 11 10 30 57 21 35 60 31 56 14 37 54 53 20 5 40 1 33 9 43 52 4 63 67 47 46 44 7 65 23 64 17 58 19 29 68 2 51 12 22 62 69 6 38 27 16 48 28 
55 64 44 62 38 39 7 9 53 24 59 8 25 63 4 28 0 48 15 67 21 19 14 68 46 27 50 20 56 58 6 1 69 10 42 30 52 29 22 3 65 35 40 33 13 51 11 26 12 23 37 18 34 17 2 32 61 16 60 36 43 54 49 45 57 5 41 66 47 31 
57 17 55 62 29 37 11 26 2 60 32 43 3 52 33 9 34 4 54 23 8 59 65 45 56 13 10 22 0 46 1 25 66 49 24 27 58 35 64 61 67 53 36 50 16 41 42 30 12 31 21 47 51 40 19 63 15 69 7 14 6 20 28 44 68 39 48 38 5 18 
0 61 8 53 24 59 66 41 29 32 47 52 28 15 42 37 14 21 35 25 34 68 55 69 16 51 19 60 36 5 22 31 3 54 1 43 46 64 26 23 4 40 33 9 56 38 62 7 17 57 20 2 18 45 63 65 27 44 12 10 39 67 49 6 50 48 11 30 13 58 
17 25 21 27 46 6 9 36 56 28 19 66 65 69 45 14 31 33 24 43 34 20 22 48 39 35 4 52 38 23 59 7 64 13 50 62 67 12 60 41 40 18 11 49 53 55 26 37 68 15 47 51 1 63 57 5 3 42 30 54 29 61 16 8 10 58 2 44 32 0 
23 38 39 1 14 55 32 47 3 9 57 69 18 68 30 20 4 65 66 15 8 40 46 64 12 61 5 35 49 21 41 11 59 63 6 31 27 24 43 17 52 29 19 60 26 50 54 62 56 44 13 45 53 2 16 34 25 33 58 22 37 10 7 67 51 42 0 48 28 36 
10 46 53 54 45 57 33 61 47 15 67 31 9 22 23 16 19 69 37 55 50 39 62 11 32 29 42 5 28 18 59 48 24 1 26 34 14 6 27 3 25 51 52 43 2 0 38 41 17 58 7 60 8 36 35 13 68 44 4 64 20 65 56 12 49 40 30 66 63 21 
59 50 15 31 17 42 0 54 1 12 66 51 9 69 35 8 64 16 60 26 4 13 21 36 5 43 19 28 63 44 24 32 65 18 14 30 45 49 62 11 39 55 46 23 61 27 58 37 57 2 33 7 3 53 48 47 67 20 34 29 38 10 40 6 52 41 22 68 56 25 
30 12 6 62 44 8 1 10 17 5 66 7 23 50 57 33 67 65 25 51 46 41 55 15 69 59 38 4 34 26 49 22 31 32 37 58 64 2 61 18 19 3 35 60 21 36 28 27 47 56 14 43 11 54 53 13 9 0 40 52 20 16 63 24 39 29 68 42 48 45 
13 14 33 11 62 46 36 67 49 54 53 5 4 41 24 40 38 16 21 64 66 19 23 58 31 55 7 63 0 42 60 39 10 8 34 59 68 35 47 37 17 22 25 28 26 43 65 20 27 56 69 6 50 51 29 30 1 15 44 2 12 9 3 48 52 61 45 57 32 18 
3 19 8 58 21 47 64 38 24 61 43 2 16 4 10 32 28 49 11 37 6 5 0 35 15 59 33 57 29 68 63 51 53 26 46 9 1 30 67 62 39 42 40 25 50 55 17 56 22 69 54 41 27 7 60 14 13 65 12 23 44 48 52 45 34 20 18 36 66 31 
69 2 34 1 8 35 45 56 28 64 49 42 47 3 37 7 40 10 59 16 19 43 29 68 39 6 12 33 31 65 0 4 53 58 41 15 48 18 51 13 67 30 62 46 5 63 55 14 57 38 23 20 36 52 32 26 66 60 21 17 50 24 61 54 11 44 25 22 9 27 
37 31 0 7 35 61 55 26 19 57 33 41 58 44 5 53 62 4 50 23 28 11 17 64 3 20 46 18 34 51 22 30 40 47 65 29 42 16 66 54 48 12 45 6 36 25 2 13 56 39 8 38 67 14 59 15 9 52 63 27 49 1 43 69 10 24 60 21 68 32 
40 46 56 59 16 0 8 48 22 10 58 28 9 27 32 20 33 41 44 30 42 11 55 14 1 64 21 67 53 68 47 45 62 12 24 17 34 51 49 65 31 15 2 54 37 26 6 18 3 5 69 36 60 50 4 23 57 29 66 39 35 38 52 43 61 7 25 13 19 63 
24 14 2 48 52 20 26 19 64 61 60 16 39 46 68 5 51 4 53 50 12 36 22 0 66 56 8 30 10 54 23 6 13 28 55 9 18 41 31 65 57 33 42 59 15 21 44 40 69 11 58 63 67 37 32 3 62 49 45 25 34 27 1 7 29 38 43 17 47 35 
23 12 48 65 60 31 55 47 34 8 44 37 62 16 39 53 6 51 20 57 63 33 21 0 5 58 11 42 4 35 27 19 17 41 9 59 14 50 7 45 18 2 64 1 25 26 67 38 10 24 46 61 28 40 30 29 68 36 43 56 32 3 15 69 22 13 52 49 54 66 
12 35 22 43 9 63 4 49 17 57 56 25 15 10 39 37 2 47 52 30 21 6 68 40 20 33 26 55 62 67 54 58 42 64 65 27 8 34 32 41 50 48 61 45 16 11 0 51 23 28 31 69 53 7 14 36 13 44 46 19 1 59 24 38 66 18 29 3 60 5 
2 13 31 22 68 41 11 6 23 59 0 25 57 58 33 10 34 36 62 5 66 43 53 26 32 55 37 52 16 28 27 18 61 48 56 38 1 8 63 64 14 44 69 35 42 54 29 3 39 24 4 12 9 65 15 67 49 19 45 46 51 7 20 40 21 60 50 17 47 30 
9 63 35 44 10 34 32 11 19 21 22 58 37 29 56 54 1 68 25 53 60 23 43 36 15 47 14 41 18 8 27 6 16 12 30 2 40 26 42 45 13 51 59 24 17 0 31 4 20 48 39 62 33 3 46 50 7 55 38 66 61 28 69 67 65 5 49 52 57 64 
41 47 60 53 62 34 36 57 51 29 32 21 26 23 24 61 35 8 12 1 6 9 66 40 17 37 30 54 3 7 4 42 14 28 49 46 65 27 52 63 67 39 38 48 22 59 15 56 68 5 2 45 11 50 25 58 69 19 64 0 55 20 43 10 44 13 18 16 31 33 
44 0 68 57 45 8 26 9 67 37 63 50 52 19 22 34 36 54 1 14 25 47 39 21 24 64 62 12 38 53 32 56 10 28 29 69 59 43 66 41 46 20 60 40 18 58 5 35 55 31 3 15 42 61 49 6 65 16 7 23 13 33 27 2 30 48 51 11 17 4 
29 9 15 3 10 45 20 24 52 18 30 46 36 41 5 47 28 32 4 65 40 64 39 0 34 67 26 1 22 62 50 68 21 43 51 49 66 58 2 55 38 33 48 27 23 8 63 13 69 37 19 59 42 54 44 7 35 14 31 61 17 53 11 60 57 25 12 16 6 56 
30 14 4 34 63 2 55 54 56 59 60 57 24 25 13 62 0 12 43 11 20 26 32 58 38 22 31 15 19 21 61 68 46 42 69 51 6 29 16 44 41 40 3 35 52 37 47 1 5 9 17 7 65 28 64 10 33 67 36 48 53 66 8 45 50 49 23 27 39 18 
56 69 55 27 35 23 17 15 0 67 21 40 39 41 63 52 19 3 46 20 28 24 65 60 49 14 30 66 5 33 64 61 18 42 10 31 22 57 8 58 34 62 9 50 68 47 59 54 43 12 36 6 37 4 26 51 32 1 45 25 38 29 53 11 44 16 48 13 2 7 
51 42 59 55 25 37 28 66 22 67 8 50 35 9 27 40 23 57 18 14 41 11 2 46 29 60 56 13 47 31 49 19 34 38 24 69 1 26 5 30 65 61 62 39 52 36 44 0 53 17 54 68 32 21 64 3 6 12 43 20 45 58 10 48 16 7 4 63 33 15 
26 39 7 49 66 63 11 53 57 38 54 32 20 61 31 44 5 42 50 0 24 34 51 64 15 9 29 46 62 28 19 8 43 65 13 10 30 40 69 18 68 27 2 59 22 60 33 56 36 55 37 12 58 48 21 35 14 4 47 17 3 67 41 6 16 45 52 1 25 23 
49 5 59 65 45 22 7 32 56 46 41 60 47 26 40 55 25 48 24 30 53 20 36 68 34 62 9 19 28 29 27 38 12 42 4 23 54 2 8 64 6 33 50 21 61 16 0 15 31 11 13 44 1 43 67 37 57 63 58 66 39 3 10 51 52 17 14 18 35 69 
43 39 48 0 18 38 53 51 60 15 47 62 5 59 2 67 54 46 66 68 10 13 61 26 57 30 9 4 37 56 16 12 49 20 36 28 69 41 50 14 1 7 45 34 32 21 55 40 22 35 23 6 29 42 44 17 3 11 31 19 8 64 25 33 65 52 63 27 24 58 
49 31 63 18 69 2 56 22 66 64 19 44 20 14 6 36 34 5 9 26 47 62 28 39 12 37 51 67 52 45 29 13 10 16 65 4 25 35 54 59 60 50 0 21 61 33 46 1 15 32 17 43 42 55 24 30 27 8 7 57 48 68 11 38 58 53 40 3 41 23 
30 58 68 12 46 51 42 64 33 50 28 67 65 10 24 44 4 47 19 49 25 59 62 39 37 3 60 57 53 11 32 18 17 69 41 52 13 38 21 36 14 29 55 7 63 1 43 45 66 23 22 6 15 31 27 54 26 2 40 8 48 35 61 0 20 56 34 5 16 9 
16 66 54 60 52 50 3 8 59 37 46 7 11 17 67 33 48 42 36 68 58 55 1 34 15 20 24 2 19 0 40 63 9 53 38 43 6 32 56 51 49 12 41 61 26 5 31 39 22 29 4 45 23 30 25 64 14 57 35 69 21 28 47 27 62 44 18 13 10 65 
