76 100
3 45 8 22 43 0 33 18 40 56 64 7 75 15 39 53 25 66 38 1 24 59 58 5 44 36 4 73 31 57 63 13 14 69 21 27 71 60 74 37 61 19 35 2 72 12 34 32 20 26 17 28 41 10 29 52 67 50 65 30 68 47 46 6 23 70 55 11 62 42 54 51 49 16 48 9 
18 75 8 53 60 13 55 30 74 62 19 46 63 10 58 38 68 45 35 14 33 69 9 65 11 64 51 22 48 2 1 12 52 5 44 39 20 6 29 0 57 34 43 23 67 27 50 31 59 49 72 7 16 47 54 40 15 26 17 28 36 32 41 56 3 71 61 21 73 70 37 24 25 66 42 4 
23 18 41 29 3 8 13 34 46 25 2 66 28 15 67 52 55 45 6 47 0 59 69 70 36 27 14 20 26 16 73 37 51 65 4 30 24 71 62 31 49 11 56 12 42 43 54 35 72 21 7 5 44 19 39 1 58 33 32 38 57 40 61 10 68 74 53 64 22 9 75 50 48 60 63 17 
51 70 37 75 13 62 67 36 61 60 65 15 24 17 4 46 33 12 23 52 59 44 72 25 56 66 19 26 63 30 5 55 41 74 2 6 64 0 71 54 47 57 11 14 9 68 48 34 32 53 43 21 1 16 40 29 49 69 58 73 27 38 35 45 7 28 8 20 3 42 22 18 39 50 31 10 
3 68 49 34 69 17 19 67 57 10 30 60 35 41 43 75 8 12 62 64 11 36 14 2 65 37 16 72 4 28 48 47 7 74 58 46 51 39 56 0 71 20 31 21 9 44 13 25 15 33 32 22 70 24 5 23 40 26 18 1 73 42 54 45 27 50 66 53 55 63 52 61 29 59 38 6 
2 45 43 54 64 36 53 29 10 70 17 63 9 37 35 23 25 47 38 52 73 72 1 68 15 50 33 62 69 22 49 51 4 60 16 24 18 65 39 31 30 27 13 67 7 44 26 71 32 75 58 19 48 61 41 20 0 42 21 40 3 14 28 66 59 8 12 11 46 56 55 57 74 34 5 6 
66 37 23 34 48 56 46 43 24 41 71 33 72 30 58 4 70 14 42 47 53 45 1 20 52 49 51 5 6 13 27 7 60 67 64 16 32 65 54 57 73 0 69 62 40 9 44 19 15 17 74 38 35 29 59 10 55 3 8 21 22 68 18 75 61 50 12 28 11 26 2 36 31 39 63 25 
70 18 68 6 0 15 27 73 3 45 65 25 48 35 21 57 11 52 34 22 4 26 71 30 54 58 55 1 40 5 51 69 63 46 67 19 24 12 23 29 50 10 53 9 61 56 28 20 74 7 47 13 66 62 17 60 33 59 38 44 8 41 75 32 49 31 64 42 37 14 39 36 2 43 16 72 
29 54 28 7 3 35 44 61 62 41 73 56 2 20 70 14 27 12 13 55 50 4 16 26 52 5 48 25 65 51 58 0 69 66 33 63 1 9 11 19 38 32 10 49 74 68 46 37 30 17 59 47 23 57 42 21 75 22 39 71 34 24 43 64 6 18 8 36 45 53 15 31 40 72 67 60 
31 74 11 59 38 36 34 53 15 40 63 10 52 19 75 39 57 8 58 14 30 9 64 28 0 35 44 60 17 62 49 71 54 23 55 13 42 20 43 21 26 47 25 51 65 4 69 73 6 18 33 46 3 61 67 1 68 12 24 37 32 27 50 48 41 56 7 22 45 2 70 16 72 29 5 66 
14 48 75 38 3 49 58 64 53 54 39 33 41 12 55 65 13 61 15 24 27 5 62 29 74 43 66 16 2 68 59 72 1 67 70 28 44 37 60 51 32 22 26 71 25 18 17 50 56 69 20 7 30 6 11 57 31 63 4 46 36 34 10 21 0 9 52 42 8 73 47 19 45 35 23 40 
61 18 20 73 4 31 60 62 29 45 30 9 7 11 23 68 19 46 28 66 50 72 32 55 70 67 49 35 17 74 40 34 10 25 21 38 13 44 59 26 42 63 39 58 52 12 3 27 15 37 47 57 0 51 36 48 64 41 16 56 5 33 8 65 69 14 1 43 54 53 75 71 22 2 24 6 
18 47 48 54 61 1 63 56 69 53 3 72 0 33 66 17 75 14 20 51 36 44 13 23 42 62 26 74 35 60 50 29 71 16 46 67 49 43 31 38 57 32 45 40 10 30 22 39 5 19 2 24 27 70 6 9 68 58 7 73 59 15 65 12 37 4 52 8 25 55 34 41 21 11 28 64 
37 56 43 63 41 36 70 16 46 6 14 26 5 57 8 58 66 13 30 53 29 11 45 73 19 48 25 15 55 64 60 23 71 62 65 4 59 50 32 75 39 27 2 51 1 44 0 67 33 68 9 21 12 42 69 74 22 38 72 47 20 40 10 54 3 52 49 7 28 18 61 24 34 31 35 17 
74 2 10 15 5 59 68 63 58 49 41 62 28 26 72 13 19 60 29 21 70 44 25 71 67 48 20 30 33 51 11 69 37 64 9 7 54 0 4 57 24 23 16 56 27 42 46 39 40 75 22 45 31 43 55 32 66 53 18 3 65 36 35 8 73 38 50 17 52 12 1 47 34 6 14 61 
7 30 62 44 6 49 27 45 70 71 36 21 48 37 11 51 72 31 55 19 40 10 54 73 1 50 39 56 17 64 26 2 3 20 57 42 47 68 35 63 22 29 41 43 32 18 13 14 67 75 0 33 59 5 8 46 15 28 12 4 25 69 66 24 74 52 53 65 58 38 23 16 34 9 61 60 
19 12 48 15 20 66 16 1 39 33 51 35 74 47 62 26 10 37 27 42 23 40 3 11 21 17 8 72 56 0 55 28 6 44 52 32 14 7 30 54 53 65 43 22 58 31 73 69 49 59 71 70 5 36 13 34 2 38 25 41 64 45 46 50 9 29 18 4 24 68 57 67 61 75 60 63 
0 35 34 62 28 26 63 57 58 43 17 9 51 25 44 54 60 19 8 33 55 3 68 38 4 6 13 30 56 16 46 73 7 2 70 40 39 64 21 48 75 45 14 24 29 53 47 37 50 59 66 18 20 23 61 32 74 27 11 31 69 52 49 65 67 36 15 5 42 10 41 22 71 1 72 12 
37 62 61 14 6 43 66 45 21 23 4 41 34 18 30 55 53 49 12 32 7 50 74 73 44 17 26 3 39 67 56 5 48 10 22 69 75 57 31 24 29 64 27 40 1 71 72 52 42 47 0 54 9 20 16 46 63 15 58 35 13 8 70 2 65 59 33 36 11 51 28 38 25 60 19 68 
29 12 31 49 60 61 66 35 59 8 47 15 19 39 20 17 41 71 52 21 14 30 62 26 44 50 9 57 65 5 24 42 48 6 46 63 4 22 64 38 36 16 25 69 3 67 43 0 58 28 70 72 7 11 33 51 27 74 23 56 54 53 75 45 32 37 1 40 34 13 2 10 18 68 73 55 
1 54 12 22 60 57 9 7 40 18 31 0 73 61 33 67 48 42 64 16 21 34 35 23 3 29 32 36 30 58 15 19 55 11 53 68 6 51 69 75 17 41 20 56 43 24 74 71 26 49 72 50 8 46 10 27 13 39 62 4 70 37 52 47 63 28 59 5 45 14 65 66 25 44 2 38 
40 75 19 45 10 68 60 32 58 3 16 5 14 66 13 62 49 37 43 26 57 22 42 6 20 15 46 29 65 0 72 7 70 48 24 73 27 52 44 47 53 18 33 17 74 23 28 51 55 35 30 69 64 61 56 9 25 63 8 4 54 59 71 21 2 41 11 1 50 34 36 12 31 39 38 67 
17 62 49 33 71 52 34 38 57 20 15 1 67 55 11 5 50 43 14 48 22 37 64 41 0 75 44 29 9 73 42 39 7 47 65 23 61 72 54 10 8 69 31 63 30 3 36 58 60 13 68 2 16 19 6 66 26 4 24 35 70 18 40 74 51 27 28 32 59 56 46 12 45 53 21 25 
72 19 43 32 6 50 40 63 66 75 45 38 53 34 60 24 13 69 23 64 61 47 7 27 22 67 26 71 33 31 57 17 54 37 1 11 44 36 65 10 5 29 73 16 48 3 14 28 20 12 59 52 4 8 56 70 9 30 39 25 18 46 68 58 35 51 42 21 15 41 74 49 55 0 62 2 
53 73 24 17 21 36 66 40 27 30 37 35 57 9 15 2 14 47 1 54 20 12 11 29 48 18 23 32 63 65 72 10 58 5 44 34 50 26 62 46 59 7 75 45 33 67 74 3 6 28 64 13 42 19 22 16 51 52 31 55 25 4 61 8 39 41 69 38 49 70 71 43 56 68 60 0 
44 66 56 63 70 75 62 49 22 20 72 10 54 65 64 17 45 52 2 1 40 60 16 23 5 34 18 59 15 24 61 29 19 35 42 43 48 53 7 73 74 71 21 36 67 12 3 55 50 8 6 69 14 13 27 4 26 51 37 58 39 30 38 11 33 46 68 47 25 0 41 32 57 9 28 31 
41 42 29 0 53 63 73 40 61 65 25 14 20 75 46 74 38 58 49 10 64 68 28 5 48 66 19 33 70 11 30 54 50 16 35 13 2 24 47 8 60 23 31 43 62 1 69 26 36 6 44 52 59 9 4 67 15 55 39 57 3 18 22 56 27 37 21 34 72 12 32 51 7 17 45 71 
17 19 54 0 5 59 13 38 43 6 36 18 7 53 32 40 27 45 50 26 33 47 22 34 16 74 4 42 37 75 72 69 12 71 20 29 64 66 23 10 25 73 3 52 24 41 21 62 14 35 2 9 11 48 49 46 68 60 65 51 61 67 63 15 70 28 31 56 39 44 58 30 1 8 57 55 
45 63 57 28 75 48 61 71 9 24 11 19 64 62 23 8 39 1 7 46 73 32 30 44 17 34 41 51 68 59 50 36 5 4 60 49 22 53 69 15 14 55 33 20 31 16 12 0 29 70 25 26 43 42 35 38 54 6 58 37 52 27 47 56 2 21 18 3 72 13 40 65 66 74 67 10 
7 15 25 66 59 42 46 28 6 52 18 62 12 49 47 24 4 74 56 2 53 16 58 29 72 17 71 10 1 70 54 27 44 3 48 38 11 57 73 40 45 43 22 61 19 69 33 26 75 13 51 14 39 20 34 5 63 35 23 8 64 0 50 68 41 55 67 30 9 36 37 32 60 21 65 31 
16 66 36 22 56 57 9 49 65 24 51 31 42 55 60 75 8 41 20 50 52 58 6 5 32 62 68 54 48 73 38 53 47 17 15 19 26 10 29 35 25 71 34 45 3 39 61 72 11 4 69 14 2 7 21 37 74 44 0 18 28 23 12 30 33 59 27 13 43 64 67 40 1 46 70 63 
67 27 7 1 56 17 16 13 63 66 37 9 43 0 33 70 41 65 21 40 58 39 19 3 20 52 74 55 62 5 49 15 14 72 73 75 34 30 59 29 2 6 50 25 18 47 44 51 12 57 68 35 53 23 45 26 8 64 32 38 46 11 4 31 22 24 48 61 42 10 28 60 54 71 36 69 
68 3 48 40 42 28 43 45 49 5 74 23 56 15 14 44 57 16 18 35 72 46 71 1 33 58 55 7 60 65 6 30 37 67 73 27 38 62 70 41 75 10 2 63 17 59 69 29 64 12 54 20 32 25 51 39 34 19 9 47 52 13 61 11 4 0 53 31 22 36 21 8 66 50 26 24 
63 52 18 43 38 71 25 5 72 20 49 75 2 58 11 68 22 13 74 26 31 66 51 57 44 4 15 69 34 8 54 59 30 47 45 39 64 16 14 19 1 40 35 21 10 27 48 24 65 62 28 6 9 0 36 46 61 60 67 42 7 32 41 23 17 55 50 37 70 53 33 12 29 3 56 73 
31 41 73 56 16 46 65 70 57 3 23 30 40 26 12 2 61 7 74 64 44 62 39 51 33 27 38 0 1 47 28 48 11 67 72 25 59 34 42 22 58 54 15 21 69 6 14 71 53 45 29 37 50 49 68 19 4 43 36 75 10 18 55 17 13 9 60 8 35 32 5 24 52 20 66 63 
72 43 21 5 13 4 9 44 73 17 19 0 8 41 3 60 69 33 31 6 24 51 71 37 23 68 28 32 38 20 55 2 48 46 16 40 25 12 67 47 59 34 14 64 61 74 36 49 35 7 58 29 53 10 57 42 54 70 39 30 1 75 63 56 45 11 27 18 15 52 62 26 66 22 50 65 
15 3 60 10 52 67 2 59 13 30 1 32 6 73 70 57 4 44 50 53 9 35 71 22 51 33 29 49 16 58 74 11 8 7 63 55 75 27 5 14 40 17 65 41 61 56 38 0 48 72 39 26 64 37 46 31 69 42 66 36 20 47 19 21 28 25 23 45 54 62 18 68 24 34 43 12 
64 50 49 70 0 73 62 13 7 35 20 56 55 60 36 68 59 72 54 10 67 22 47 58 61 51 48 75 46 18 21 17 69 2 43 31 8 6 12 39 52 57 66 28 25 19 3 15 37 44 33 45 74 38 16 42 14 34 53 30 27 24 5 41 9 1 63 29 4 11 71 40 26 23 32 65 
70 11 66 10 72 33 4 49 36 23 57 21 5 0 54 69 6 7 12 18 22 40 56 45 63 31 9 59 27 60 74 15 47 32 17 37 16 24 52 53 38 51 20 3 50 62 30 2 34 67 25 19 46 29 75 39 26 13 58 64 73 42 1 41 44 43 61 71 28 14 35 8 48 65 68 55 
30 47 21 13 57 7 49 48 39 75 45 26 58 52 59 2 65 73 4 35 1 56 8 36 31 14 43 23 66 6 38 20 32 72 44 12 51 63 33 16 42 41 46 9 10 50 40 3 0 24 70 67 11 69 15 53 27 37 19 34 22 54 18 60 17 61 25 74 64 71 55 5 29 68 62 28 
68 52 66 4 19 74 42 7 70 0 40 29 32 65 31 5 27 10 64 75 38 43 22 72 23 39 2 13 1 53 71 30 47 49 45 50 12 73 28 15 25 14 24 21 33 44 9 18 16 17 67 46 20 58 54 36 34 48 41 57 60 37 63 35 11 59 55 3 62 61 8 6 26 51 56 69 
72 19 16 42 2 27 69 37 48 20 12 64 57 71 54 46 40 17 30 35 53 68 28 13 31 63 66 11 44 7 52 0 9 51 23 15 22 50 47 41 26 6 29 58 62 21 55 10 73 43 32 56 38 4 3 49 65 60 75 70 67 45 1 34 5 18 33 24 74 25 14 39 8 61 36 59 
9 34 58 44 14 22 56 48 50 23 38 70 53 12 35 66 31 36 19 26 7 8 49 0 45 62 33 46 61 5 28 27 21 55 25 41 72 42 51 63 71 24 54 43 60 37 30 39 75 47 69 16 13 67 57 15 64 52 1 20 68 3 74 2 59 65 11 18 4 6 10 40 32 73 29 17 
10 11 64 39 67 20 52 57 59 0 7 15 46 12 60 38 26 37 5 74 4 65 43 3 17 47 66 31 69 68 9 56 71 63 70 1 44 28 8 14 13 21 75 33 6 49 27 35 72 40 24 29 25 51 16 61 41 62 34 55 58 23 36 19 54 53 18 30 50 45 32 2 73 42 22 48 
34 72 1 64 48 61 16 75 36 3 30 5 53 54 13 70 24 46 10 49 39 51 2 35 17 59 26 28 43 60 56 68 41 62 21 18 58 63 57 74 32 47 19 6 9 20 31 4 67 0 22 45 37 27 71 50 7 66 29 52 15 12 69 42 65 38 8 33 14 25 55 44 23 11 73 40 
59 4 54 25 46 38 30 18 5 7 29 60 1 47 9 71 32 33 53 35 58 57 44 63 14 17 15 62 2 13 45 64 73 12 20 66 10 23 0 3 34 48 55 42 11 50 52 26 28 61 49 68 43 27 40 67 51 69 31 8 19 41 16 37 36 72 70 39 75 56 21 74 22 6 65 24 
1 44 47 9 37 40 13 12 21 26 39 17 45 46 20 71 74 15 19 63 27 36 2 18 23 24 69 25 66 34 6 41 7 60 8 3 56 11 51 54 53 61 52 55 14 43 59 32 35 30 0 29 42 48 75 50 62 31 38 5 65 28 16 68 57 33 64 22 72 58 73 10 67 4 70 49 
22 52 41 45 68 40 19 55 32 2 66 35 5 69 23 12 43 16 28 58 65 30 59 3 6 38 62 34 33 74 70 26 24 49 29 15 31 73 50 44 57 17 27 39 75 47 36 14 42 0 71 53 67 60 8 64 4 20 54 21 48 9 37 61 25 11 13 18 10 56 72 1 63 7 46 51 
2 12 30 70 14 6 55 11 47 5 49 10 40 74 39 57 53 42 24 66 20 25 58 52 31 75 29 16 18 7 69 54 48 67 41 21 17 38 33 72 22 34 44 45 28 56 19 63 23 68 46 36 71 9 0 3 65 62 61 37 64 35 73 1 32 50 26 15 43 4 27 59 8 60 13 51 
12 20 2 69 29 30 16 56 65 34 23 5 46 70 55 41 7 6 54 22 66 25 63 19 57 51 38 10 50 59 44 68 67 31 4 3 17 58 45 62 74 15 14 49 42 26 75 9 0 64 21 27 1 8 33 24 28 13 36 73 37 43 35 71 61 48 53 47 18 40 52 60 32 72 39 11 
29 23 62 25 11 46 17 48 37 63 33 2 34 35 51 24 40 1 0 4 6 54 45 66 71 64 16 3 21 44 68 15 73 61 38 52 69 31 56 9 27 14 70 18 43 57 58 72 41 39 60 30 13 47 75 55 53 42 67 50 26 59 10 74 19 8 12 22 32 49 28 36 20 7 65 5 
51 68 59 2 72 56 69 16 6 9 64 62 31 29 37 7 14 74 23 11 39 5 21 30 25 49 34 58 57 54 52 46 3 8 17 70 40 15 50 38 75 18 45 0 44 33 32 53 24 43 10 42 27 28 36 48 47 71 41 22 1 66 19 65 55 4 35 12 63 60 61 67 73 13 20 26 
14 43 38 64 4 9 72 67 28 29 66 42 18 39 49 60 48 50 54 10 22 23 26 12 19 17 52 32 55 37 46 11 71 73 3 44 45 57 15 59 68 41 7 35 27 61 16 58 40 62 1 36 24 70 0 63 5 20 65 21 25 53 2 75 51 8 33 6 69 56 30 13 34 74 47 31 
3 22 11 73 45 17 34 20 44 37 15 54 59 51 71 41 69 12 56 48 1 72 57 53 9 13 62 35 75 60 14 2 6 4 23 42 7 63 66 64 61 0 65 32 18 74 24 36 30 70 49 26 33 47 58 50 39 27 68 31 29 21 38 40 5 10 43 19 16 25 46 67 28 8 52 55 
49 41 18 46 62 75 27 59 45 2 1 74 65 21 47 16 66 40 48 69 26 51 72 38 25 9 43 42 61 29 14 56 33 12 6 31 10 73 57 55 13 64 5 34 58 71 35 50 53 36 23 19 63 20 15 39 11 4 3 0 60 67 37 44 22 8 32 30 70 68 52 54 24 28 17 7 
1 73 60 49 33 38 35 41 43 2 72 59 17 23 69 32 63 3 71 75 19 65 36 0 58 42 25 46 53 28 56 16 52 30 51 68 31 67 6 21 26 12 54 14 64 18 39 74 4 22 7 57 9 55 70 37 66 48 61 27 13 40 34 24 8 47 5 44 62 20 11 45 29 50 10 15 
60 40 15 12 55 16 30 35 63 29 26 61 3 68 62 38 5 13 67 17 2 54 14 6 22 51 46 18 27 58 1 73 41 72 64 49 56 48 37 50 4 19 75 7 66 24 28 52 11 74 39 9 10 44 25 32 0 34 47 71 59 57 53 65 69 21 20 42 70 23 8 33 43 45 36 31 
32 26 21 49 14 55 30 74 29 66 45 2 4 68 38 12 15 10 35 42 60 17 3 62 48 61 39 27 57 6 16 0 52 43 25 58 70 63 40 44 72 53 59 50 69 73 51 13 9 20 23 7 24 5 46 37 34 8 33 18 54 19 65 31 41 64 71 28 67 75 56 47 36 11 1 22 
43 15 36 45 64 30 61 52 46 23 40 53 19 34 51 54 44 50 48 47 21 63 24 67 11 57 25 39 22 8 71 58 62 33 35 75 69 7 28 66 38 2 9 70 65 74 16 5 55 17 49 3 1 12 31 41 73 68 0 56 20 32 59 27 26 37 13 60 42 29 4 10 14 18 72 6 
67 30 48 44 52 5 17 60 25 65 24 40 13 11 10 70 26 74 62 29 15 42 61 59 41 20 43 47 3 55 36 7 22 64 18 19 63 46 33 71 23 16 38 72 57 6 58 53 27 45 14 68 56 32 9 54 35 37 8 28 49 1 50 12 51 73 31 39 0 2 34 69 66 21 75 4 
59 68 56 13 43 8 31 64 51 10 2 60 70 61 63 54 69 30 38 74 23 46 11 52 35 36 16 67 39 26 53 4 0 58 50 3 15 34 29 12 47 37 18 19 48 17 44 71 75 1 72 42 24 21 32 45 33 25 22 28 65 9 57 27 6 73 62 66 7 41 55 40 49 5 14 20 
40 2 28 49 55 4 0 17 74 45 21 58 5 48 38 71 56 27 6 70 73 16 63 14 20 15 22 12 9 39 34 43 57 51 41 54 37 30 36 69 11 60 23 13 65 72 24 1 18 47 19 61 26 50 10 42 7 29 53 75 3 35 46 31 62 67 25 66 8 32 68 52 33 59 64 44 
29 42 3 25 32 30 46 74 6 19 62 52 58 45 39 44 51 55 31 9 70 57 50 73 8 13 7 67 40 2 71 66 53 18 56 48 23 33 11 49 21 69 5 68 61 43 41 10 37 47 24 26 0 22 16 17 28 60 4 15 14 59 12 20 1 54 27 72 75 64 38 65 36 34 63 35 
54 62 10 20 47 66 22 2 75 48 64 16 3 41 65 51 43 68 14 35 70 5 74 21 25 13 73 53 69 32 39 8 1 55 56 4 30 50 23 42 36 27 37 26 15 29 60 63 57 31 12 61 46 34 52 18 72 11 9 19 58 45 0 7 17 40 44 71 24 28 67 38 33 49 6 59 
61 8 48 43 27 9 32 22 25 71 59 68 53 15 38 11 51 7 63 3 23 54 2 16 17 10 33 69 41 67 46 29 62 75 5 14 42 24 52 72 34 20 56 1 30 65 40 36 4 47 28 44 74 12 21 73 26 50 58 57 13 70 55 35 66 60 64 39 31 49 37 6 18 45 19 0 
29 0 38 16 25 7 22 10 11 69 43 68 47 1 46 67 36 27 66 3 17 54 52 55 72 21 33 71 73 15 70 12 51 40 13 20 32 31 14 26 18 50 37 56 34 58 75 28 2 6 59 60 45 8 42 4 61 63 64 44 23 48 5 19 74 35 9 57 65 30 62 41 53 49 39 24 
57 13 16 43 23 3 63 25 70 46 45 71 10 52 12 27 18 37 42 41 1 55 49 50 26 72 2 39 29 48 33 68 7 75 38 62 67 59 56 35 73 22 28 21 44 51 32 66 8 54 69 0 5 24 6 60 31 15 47 61 14 65 17 9 36 19 40 64 53 74 58 11 34 20 4 30 
1 13 62 55 71 24 10 46 35 66 36 58 5 53 2 75 33 68 51 6 12 4 19 67 20 26 64 28 21 34 14 65 8 61 72 73 50 15 54 23 63 7 17 52 22 37 48 43 30 27 40 45 31 59 16 69 29 0 18 56 74 25 47 42 60 41 38 3 9 57 39 32 70 49 44 11 
45 8 58 9 16 31 49 71 15 42 40 63 50 46 68 12 54 60 35 59 32 75 37 11 14 44 5 2 62 69 48 67 51 55 65 66 52 38 36 19 0 72 3 7 20 26 21 22 29 1 33 4 23 39 41 43 27 53 57 28 13 18 74 56 34 30 6 61 10 17 64 25 73 24 47 70 
24 12 10 0 37 66 46 43 68 7 62 13 31 72 30 53 29 4 47 57 61 25 41 34 63 70 22 71 9 65 74 44 56 2 60 20 55 38 49 21 52 26 54 39 15 59 8 67 73 32 33 69 23 11 45 6 51 64 42 17 36 50 48 14 75 58 1 28 18 40 35 3 19 5 16 27 
64 41 12 26 72 27 61 56 34 44 75 10 74 62 4 32 15 59 38 37 67 17 39 70 5 21 46 13 24 35 28 8 3 47 36 33 52 49 25 60 69 16 31 19 1 18 68 53 2 48 43 6 50 22 55 45 42 23 57 65 73 63 9 54 58 7 11 40 66 30 71 29 20 0 14 51 
24 18 58 31 16 17 21 40 3 56 49 13 50 72 57 6 68 43 60 74 67 9 19 53 38 0 71 70 34 4 15 39 30 1 26 52 61 12 65 41 46 23 10 44 36 51 32 5 29 27 20 62 69 66 33 73 2 48 14 59 47 42 35 45 25 22 64 8 28 75 63 55 54 37 7 11 
48 62 44 7 67 1 22 2 35 40 17 56 58 18 10 70 45 54 5 19 39 47 13 75 12 69 50 3 34 49 23 71 61 28 11 8 59 57 66 53 26 16 29 9 68 38 21 31 30 37 60 51 25 42 20 15 36 0 6 43 55 74 41 72 46 14 27 63 32 4 73 33 52 64 65 24 
15 62 53 52 54 9 10 0 66 32 57 75 18 4 30 8 68 6 43 47 25 29 7 56 21 37 33 73 74 44 14 34 19 11 24 69 35 13 41 42 70 59 72 48 58 64 23 61 28 71 36 26 5 63 27 60 20 16 3 1 17 65 45 55 46 38 12 40 49 22 50 31 2 51 39 67 
38 7 54 19 37 32 45 56 33 40 61 59 49 36 28 4 20 1 60 15 17 35 44 16 6 41 34 5 22 70 9 13 67 69 47 73 48 29 64 51 62 52 46 23 21 2 57 50 71 72 39 75 24 30 55 27 25 0 14 31 43 10 11 26 53 3 74 65 18 63 42 8 12 58 68 66 
55 52 71 57 44 2 37 36 50 43 0 9 7 16 22 14 61 51 72 41 47 26 48 3 25 62 29 35 53 39 75 65 67 27 64 42 15 70 30 17 1 32 28 46 33 74 34 19 45 63 4 69 12 58 31 54 21 68 59 5 10 49 24 60 66 23 73 11 8 56 6 13 40 18 38 20 
49 9 67 27 19 14 42 53 46 23 18 20 35 60 50 41 71 25 0 2 31 34 36 63 62 28 17 16 5 72 56 15 48 75 40 59 73 26 58 11 7 55 13 21 29 47 64 74 1 8 32 44 52 4 22 45 51 30 6 69 12 66 43 39 38 3 70 24 68 10 37 33 54 65 57 61 
44 6 54 28 38 53 47 49 5 34 2 13 16 7 26 52 60 1 30 57 62 72 20 22 3 43 27 23 25 24 18 10 31 55 67 33 45 74 37 12 56 73 32 29 39 63 59 4 8 41 70 19 46 61 11 50 35 51 14 9 40 69 66 15 68 65 36 75 21 58 17 64 48 42 71 0 
63 64 36 30 60 25 62 57 10 22 46 68 32 0 40 27 51 35 13 3 53 48 23 17 69 31 65 5 56 26 66 59 24 47 21 16 6 2 29 70 41 71 67 43 58 52 37 73 7 8 12 61 39 15 72 44 20 19 50 4 14 74 42 54 9 75 55 33 38 45 49 18 34 11 1 28 
65 33 16 36 55 7 66 27 29 59 15 42 57 51 8 44 14 25 5 72 28 64 41 30 3 24 63 26 35 54 13 67 56 73 69 11 22 43 38 37 74 12 68 71 18 4 9 32 61 20 10 40 58 23 46 31 19 75 52 17 1 34 49 6 70 39 0 60 50 2 62 21 48 45 53 47 
64 5 48 41 35 16 58 32 28 46 57 44 29 67 38 52 51 61 6 50 60 22 63 43 24 59 11 42 4 37 68 53 25 62 1 3 39 12 71 74 34 47 19 18 10 33 36 0 45 72 73 40 31 65 49 20 15 7 55 2 66 30 69 56 26 8 54 14 27 23 9 21 13 70 17 75 
8 49 70 62 18 73 14 24 20 29 23 34 45 67 52 46 53 35 21 25 72 38 64 61 36 1 31 33 30 51 69 41 50 19 11 43 0 65 39 17 75 57 26 40 59 3 13 6 44 66 55 63 58 5 48 28 2 10 71 42 37 47 74 7 22 16 32 60 68 56 15 27 9 4 12 54 
74 10 56 64 75 40 58 4 59 61 8 44 19 16 51 13 52 28 22 32 33 30 60 27 50 49 69 7 41 70 47 0 43 12 73 62 38 6 20 11 15 37 39 36 25 48 9 46 14 71 72 68 26 42 67 2 35 3 29 21 23 45 34 57 63 55 5 18 1 17 54 65 24 31 66 53 
43 11 74 70 52 40 1 39 2 66 69 13 19 14 38 36 42 32 41 47 56 45 28 9 0 26 10 58 5 65 67 64 30 15 63 54 75 22 20 48 37 25 71 16 55 68 3 34 57 24 44 46 29 21 23 27 6 51 7 17 4 73 31 12 59 33 60 50 53 8 72 61 62 35 49 18 
62 63 29 66 51 44 8 46 3 60 35 54 20 53 18 33 26 73 68 45 21 72 28 61 69 55 11 17 40 43 47 58 57 36 32 75 25 52 48 34 16 1 10 50 19 56 27 41 7 0 64 49 22 31 13 65 39 6 15 24 4 23 59 14 30 74 37 38 9 70 67 71 2 42 5 12 
7 75 15 37 33 18 58 42 14 56 44 53 51 65 71 8 52 61 57 48 32 10 66 6 16 45 36 9 68 35 26 13 74 17 4 31 39 30 69 59 50 63 54 46 2 19 5 73 12 72 22 41 28 60 11 38 43 27 24 64 49 34 47 67 29 25 40 3 62 0 21 23 55 70 1 20 
68 24 51 8 5 10 0 23 1 2 7 69 75 45 17 19 41 15 14 36 6 55 3 11 9 61 64 53 70 31 34 74 59 40 50 60 57 58 13 65 35 67 37 30 42 43 16 33 46 20 38 39 73 44 71 28 54 48 29 56 22 25 32 47 49 52 27 62 4 66 18 63 12 21 26 72 
28 59 3 61 75 67 60 33 2 23 25 49 74 51 21 31 4 69 46 44 20 65 29 41 26 57 40 27 62 55 1 56 39 45 0 68 63 5 6 64 17 16 13 50 47 36 52 66 7 18 8 42 73 71 43 72 9 37 53 48 10 12 11 58 54 30 35 24 32 70 19 14 34 38 15 22 
63 13 61 31 10 42 66 65 57 16 37 3 35 11 73 26 52 38 34 62 2 45 22 30 53 55 39 0 28 9 58 4 25 44 29 12 56 27 1 33 72 23 74 40 41 47 8 64 32 48 20 19 71 24 21 50 18 43 7 59 5 49 70 17 14 69 67 60 46 54 6 68 36 75 51 15 
63 21 25 5 45 74 43 28 62 20 24 47 9 10 75 49 59 53 30 70 51 34 54 69 57 39 36 23 7 15 64 12 56 58 32 50 27 11 17 0 68 66 6 40 3 60 38 67 61 37 22 44 71 46 48 18 65 4 41 8 73 52 26 1 13 55 35 33 16 72 42 29 19 2 14 31 
50 57 33 66 13 63 24 56 9 28 75 2 52 14 23 34 70 47 64 11 48 16 10 51 68 73 8 58 17 20 39 40 43 65 38 4 19 54 29 32 67 37 55 1 6 26 12 5 25 0 27 36 71 22 62 49 42 18 69 46 53 61 35 3 44 21 30 60 74 7 41 72 45 31 15 59 
51 19 7 26 46 42 28 10 37 4 40 68 65 61 12 49 69 35 2 44 41 52 33 31 17 36 47 22 54 48 50 53 45 1 59 0 6 13 11 8 75 74 18 56 72 14 67 21 62 24 30 58 15 27 55 57 5 16 43 9 23 38 34 70 39 20 25 71 63 66 3 73 60 64 32 29 
11 12 27 74 65 29 38 44 51 57 75 47 50 66 16 56 68 13 69 35 17 52 9 32 19 8 42 70 6 21 4 58 33 22 73 67 59 71 10 7 49 34 2 43 20 14 37 0 39 26 61 64 15 40 5 3 60 54 28 36 63 62 31 1 45 25 46 23 18 24 30 72 53 41 48 55 
4 13 12 48 65 70 11 30 9 6 31 45 5 1 73 19 22 56 51 3 38 71 60 61 20 53 0 27 10 57 29 64 34 41 74 42 8 2 44 24 63 15 50 55 33 62 23 69 28 17 72 68 14 32 36 67 49 35 25 52 43 16 46 7 26 47 39 18 66 58 75 21 40 37 59 54 
11 1 32 17 72 19 45 28 12 7 14 5 42 61 22 39 4 29 18 2 67 31 16 6 75 63 59 43 55 35 50 33 60 40 27 0 21 58 64 37 71 47 74 36 54 52 23 73 57 62 68 13 66 3 70 26 30 20 24 41 51 34 15 69 53 10 25 46 38 44 8 49 9 48 56 65 
58 35 41 10 70 47 74 37 50 52 21 7 42 6 11 61 25 63 14 73 0 13 67 53 3 44 18 40 26 1 28 64 32 54 23 12 59 55 20 15 16 46 17 4 45 57 30 5 72 43 49 8 24 31 33 36 34 51 29 39 48 56 68 71 60 9 2 19 62 38 66 22 65 75 69 27 
21 37 2 7 45 29 72 51 35 13 32 19 64 9 31 62 71 23 63 3 46 16 53 12 30 74 42 54 26 57 5 50 25 58 49 17 20 6 60 59 36 48 65 11 22 66 47 73 70 68 40 67 43 38 4 27 41 18 10 33 44 56 15 75 1 0 69 8 28 61 52 55 24 14 39 34 
32 1 41 37 67 9 20 47 62 5 11 29 23 8 55 70 71 30 33 72 3 52 61 63 68 74 14 12 36 24 48 58 10 69 28 4 66 44 18 13 15 7 21 49 75 57 17 25 40 64 26 43 38 19 16 27 22 39 56 34 45 53 6 60 46 54 50 65 0 73 42 35 2 59 31 51 
70 23 20 46 29 10 26 15 52 4 7 59 11 53 31 74 30 22 37 44 67 49 64 5 75 25 60 62 33 38 27 41 39 34 36 40 18 55 51 72 9 24 3 43 0 6 12 63 58 28 73 32 57 35 61 13 17 50 48 21 16 42 54 8 69 47 65 19 56 2 71 45 1 14 66 68 
15 32 59 10 25 43 13 18 63 61 55 8 3 47 62 68 70 22 0 65 33 48 40 52 21 34 49 14 74 75 28 54 19 5 51 26 30 7 72 69 35 41 11 2 50 6 56 1 67 36 12 4 46 31 38 42 37 24 16 53 66 73 64 27 23 20 29 60 39 9 58 17 57 44 45 71 
