99 100
58 94 45 42 62 75 49 79 11 22 9 72 13 32 67 3 84 27 51 17 52 86 56 1 77 70 92 0 78 15 76 74 41 12 10 66 91 50 48 31 71 61 35 14 69 98 25 80 55 36 44 65 19 82 5 2 90 33 6 18 88 4 53 20 43 97 26 54 68 89 28 81 8 57 83 85 21 24 38 73 95 39 47 63 34 60 29 64 7 40 16 93 30 46 59 37 23 96 87 
0 8 87 79 37 73 93 80 63 34 54 31 9 91 82 11 25 19 5 39 59 44 53 2 47 81 71 17 30 89 40 4 74 64 32 41 70 69 22 36 56 20 16 55 57 48 38 84 78 10 83 12 52 97 51 3 21 26 94 60 75 65 86 50 88 42 14 66 13 35 76 18 90 1 92 15 49 61 6 23 67 28 77 45 43 27 72 68 96 62 7 85 24 58 29 98 46 33 95 
12 88 20 7 30 41 66 17 43 47 83 29 44 2 42 34 84 51 31 26 81 16 58 75 76 86 25 11 74 95 38 96 10 39 3 48 77 18 91 45 71 80 49 27 23 5 62 70 61 63 85 87 89 46 36 72 65 15 56 92 8 35 33 79 9 60 68 0 50 67 98 94 59 37 55 28 1 22 53 78 21 19 6 13 57 32 64 24 97 90 69 73 14 40 4 93 82 52 54 
25 47 29 18 73 75 53 35 58 91 44 98 80 92 24 19 79 27 14 87 3 6 10 15 4 82 33 41 9 16 97 32 48 43 52 69 57 78 84 81 17 7 30 31 64 2 5 46 12 38 68 63 71 49 60 56 70 72 50 26 23 34 22 51 66 1 0 67 76 8 90 93 37 36 40 59 85 65 61 21 83 62 94 89 20 88 74 86 54 28 95 77 39 45 55 11 42 96 13 
95 75 78 42 56 37 30 84 8 19 81 18 21 24 23 7 79 22 90 83 54 35 86 49 94 74 25 67 16 87 89 44 27 4 46 15 17 32 58 98 48 45 50 71 68 66 57 59 11 41 6 26 28 12 52 91 43 55 0 92 77 39 13 14 61 96 82 36 69 5 70 85 20 97 40 51 63 60 93 62 33 10 88 1 47 9 38 76 73 53 72 34 29 3 80 65 64 2 31 
34 30 12 72 53 25 94 14 6 89 4 95 55 10 88 77 40 38 75 20 2 17 90 58 79 48 82 50 9 22 3 11 80 42 78 32 16 60 36 83 47 18 5 93 68 31 24 92 27 74 76 67 21 0 65 46 86 66 73 85 29 63 81 39 23 57 8 54 28 43 35 1 15 44 33 13 91 59 51 62 52 97 87 98 49 71 64 19 70 61 7 26 41 37 84 56 45 96 69 
54 0 20 32 57 41 15 82 24 58 49 13 3 59 42 26 95 87 51 52 21 47 81 45 16 37 8 93 74 63 6 94 30 75 85 78 92 89 98 10 9 36 76 46 69 44 12 18 64 27 67 65 34 90 17 91 77 43 11 31 23 38 33 88 70 72 73 61 83 86 71 5 62 28 19 66 22 2 29 7 35 96 60 84 55 68 48 80 1 25 79 97 40 39 53 50 56 14 4 
33 50 88 90 11 80 41 31 91 32 29 60 5 30 36 93 24 37 56 64 4 43 38 79 61 35 87 57 39 89 65 9 98 82 53 13 16 21 54 75 78 62 47 6 81 23 63 59 2 71 0 51 72 73 3 55 86 74 7 95 66 25 85 45 83 40 22 18 27 34 14 77 8 26 1 92 67 28 19 70 12 42 20 97 10 48 46 76 15 44 69 49 96 68 52 58 84 94 17 
76 66 42 63 90 22 14 70 79 77 11 12 16 84 32 47 56 93 80 13 7 59 39 98 17 25 23 33 72 19 36 54 58 81 94 9 91 49 61 50 26 40 8 20 34 53 60 51 27 57 78 48 73 88 18 55 29 30 0 65 87 83 3 96 45 97 71 52 2 68 64 10 67 46 1 85 75 21 44 15 62 95 74 37 31 41 24 69 28 82 89 5 4 35 6 86 43 92 38 
65 44 70 23 60 67 29 85 30 25 80 61 8 5 90 21 66 27 3 84 87 94 74 64 4 10 15 35 75 1 14 18 52 91 51 89 88 72 26 78 86 9 38 16 83 76 81 41 17 73 28 6 71 39 20 55 92 0 19 42 53 77 22 82 11 36 58 34 57 50 33 32 48 2 79 59 12 68 46 47 43 62 37 98 96 45 63 93 13 24 56 54 97 40 95 69 7 49 31 
26 91 60 5 71 21 13 23 52 80 95 41 82 39 97 84 37 62 50 55 93 16 65 35 76 7 47 70 0 11 24 46 98 9 25 92 51 77 58 73 86 19 20 69 66 31 2 88 87 12 56 68 75 74 78 49 61 79 17 54 43 85 89 81 48 67 33 30 44 36 8 32 18 94 64 40 28 3 1 4 42 90 57 83 34 10 63 22 45 29 96 14 38 59 53 6 27 15 72 
23 42 81 17 69 44 27 14 84 49 9 52 29 28 53 70 90 79 7 54 5 96 33 8 48 73 46 97 13 60 77 11 88 41 76 2 62 93 32 25 30 4 91 15 94 12 55 82 37 16 86 39 6 19 65 89 80 68 74 71 10 34 35 0 63 47 83 85 45 1 26 22 58 43 92 67 3 61 57 50 24 51 75 20 72 21 98 56 38 95 31 87 78 66 64 18 36 59 40 
24 34 11 58 51 3 74 69 94 56 66 45 7 0 93 16 83 15 2 31 1 48 35 64 85 39 73 82 20 75 27 90 43 47 52 92 49 67 40 63 77 76 62 30 95 18 91 46 86 29 38 97 57 50 65 78 25 41 44 4 37 14 80 42 21 36 59 79 87 28 61 81 5 26 72 89 6 12 10 88 23 68 8 53 32 70 55 60 33 54 19 71 22 17 13 96 9 98 84 
6 21 83 44 69 86 2 92 25 26 50 3 7 72 60 57 74 16 68 15 71 87 45 53 47 28 77 40 84 85 91 27 56 31 90 38 39 46 63 1 54 18 59 37 22 80 33 55 29 62 96 97 30 65 89 88 66 94 49 75 81 23 4 95 20 67 82 42 35 41 5 36 48 8 34 70 43 12 14 52 76 58 51 32 19 93 10 9 73 78 17 61 13 0 98 11 64 79 24 
3 18 94 65 45 88 83 42 89 17 93 91 35 32 11 73 67 44 2 28 79 6 60 34 22 31 47 12 92 55 74 37 71 24 41 80 61 58 14 77 78 64 66 76 23 59 57 70 96 26 52 19 75 38 84 25 27 95 72 90 56 46 82 10 97 85 62 15 50 86 48 21 63 49 87 69 39 81 20 7 43 33 53 68 13 40 51 16 1 8 54 29 5 30 0 9 98 4 36 
27 23 3 48 69 30 62 94 80 78 44 9 67 35 39 13 32 71 92 38 91 55 25 66 15 41 61 19 8 65 77 1 11 49 95 74 68 37 45 53 36 84 57 29 52 6 98 7 33 10 54 20 85 89 40 24 42 64 82 73 59 28 16 46 14 79 70 50 83 86 56 87 58 5 72 97 2 4 0 43 88 60 81 93 76 17 75 22 34 90 63 51 26 96 18 31 12 47 21 
96 49 89 17 15 7 93 78 70 16 20 37 14 39 31 50 81 27 56 28 24 33 38 18 45 41 8 3 65 9 98 66 2 82 58 90 69 91 48 11 76 63 68 59 13 74 21 92 6 85 47 77 32 88 73 62 10 43 67 40 44 52 75 12 60 86 95 25 54 87 53 22 36 71 5 19 83 97 26 23 35 57 72 84 34 55 64 79 29 51 80 0 61 1 94 4 42 30 46 
43 30 94 78 95 62 65 91 23 49 1 82 42 67 58 72 36 8 73 38 93 22 54 3 87 17 32 4 31 98 75 60 84 27 90 77 69 21 50 11 24 16 88 55 2 70 61 56 68 79 5 41 74 46 66 0 81 86 10 63 34 39 15 9 96 83 40 52 12 47 29 51 35 25 53 76 57 18 59 26 45 14 92 19 7 37 89 13 20 85 48 28 97 71 6 33 44 80 64 
59 33 80 89 97 64 85 39 13 32 92 91 79 76 46 6 35 87 28 50 72 41 1 83 42 81 45 27 94 38 4 74 20 63 17 49 93 23 90 55 82 7 12 2 8 40 11 67 96 5 86 19 71 60 61 62 31 73 52 34 21 56 0 37 51 77 48 25 75 47 88 15 98 84 65 10 66 68 29 78 22 14 26 9 18 30 43 53 57 54 3 70 69 44 95 24 36 58 16 
74 14 94 62 55 31 79 70 61 11 85 88 69 78 91 50 0 49 9 56 13 22 12 52 4 76 7 66 40 39 20 21 23 17 54 48 45 32 29 89 15 25 93 82 72 42 97 28 86 95 38 71 19 24 26 6 5 98 51 67 18 3 65 90 87 27 60 77 8 64 16 57 36 92 44 41 47 1 81 58 84 35 83 33 10 46 59 75 96 30 2 80 34 37 53 43 63 73 68 
18 48 95 56 60 89 33 96 41 42 25 37 30 55 29 40 16 65 73 45 98 0 72 67 36 64 57 11 12 14 10 91 71 81 6 92 24 34 3 86 31 44 87 1 77 74 54 85 76 39 46 32 82 22 63 58 97 47 13 38 61 8 9 21 15 93 20 53 4 7 69 27 5 28 26 80 70 90 68 49 35 94 79 78 2 75 62 43 83 66 23 50 88 84 17 52 19 59 51 
97 0 37 69 67 3 64 93 39 29 4 71 42 19 45 23 2 20 11 18 55 50 74 81 86 92 73 24 8 14 49 41 90 25 63 32 9 62 35 26 10 77 17 13 1 56 61 94 82 7 47 54 53 66 36 83 91 75 57 58 68 89 38 59 87 48 31 84 40 88 80 78 27 72 98 60 15 85 30 79 21 46 51 95 70 43 22 16 33 28 96 6 76 12 52 5 44 65 34 
56 91 69 47 96 70 55 4 16 51 92 41 87 97 67 30 34 17 9 45 27 24 13 37 21 38 80 86 3 43 85 60 75 39 52 73 77 94 84 58 18 61 19 98 78 8 31 53 14 83 10 54 46 76 49 89 25 57 88 79 42 40 72 1 59 93 65 36 12 64 68 74 82 95 66 50 23 15 22 81 11 29 63 35 2 5 32 26 28 44 6 62 20 7 71 0 33 48 90 
91 78 58 88 60 81 56 73 0 8 32 86 76 55 28 62 34 40 72 89 45 46 7 41 80 29 54 71 47 10 74 13 95 63 51 97 22 25 67 57 33 18 83 93 30 98 52 36 44 12 35 26 6 15 68 96 59 75 77 69 5 14 39 24 37 31 43 27 70 3 94 61 19 90 17 1 85 79 4 66 42 21 20 11 48 53 2 50 82 16 9 87 64 65 84 49 23 38 92 
60 47 79 1 98 78 9 86 77 71 55 34 81 48 87 20 44 49 45 54 36 91 57 18 7 26 97 3 90 29 8 95 30 40 31 15 66 39 85 51 16 0 96 6 46 89 52 58 61 65 10 21 2 80 67 59 62 19 53 28 64 93 63 83 37 88 43 4 25 14 5 27 82 70 84 32 13 75 68 50 94 72 69 41 38 42 73 76 11 35 24 56 12 92 33 17 22 74 23 
73 27 79 5 94 31 14 3 84 71 98 36 28 87 20 74 40 70 1 90 67 26 29 54 6 68 59 92 53 23 60 30 61 58 49 38 66 86 72 39 64 47 91 17 50 63 2 11 88 82 93 76 8 95 22 62 25 35 21 10 7 77 55 4 24 9 78 81 45 13 37 85 83 48 34 12 57 43 89 69 19 80 96 0 65 42 41 52 32 15 33 44 75 56 18 16 97 51 46 
31 96 3 94 80 82 88 75 45 78 98 49 44 62 47 73 85 72 25 60 11 69 53 52 24 28 14 55 87 39 66 34 81 84 77 42 90 57 17 51 13 93 79 18 59 40 7 22 16 4 26 91 48 71 64 56 70 76 61 12 21 97 43 37 54 65 86 89 33 36 74 9 67 2 63 50 23 1 0 68 20 38 58 92 6 19 41 10 46 5 35 83 8 27 30 32 95 15 29 
30 8 22 37 79 1 64 71 12 62 66 52 81 21 39 55 57 7 75 78 9 0 6 27 56 45 63 15 60 48 50 13 51 59 94 32 17 24 10 47 61 95 91 86 98 29 42 68 87 69 88 43 74 33 31 41 46 82 67 96 72 20 49 93 36 16 25 58 89 44 77 80 92 97 40 73 85 23 5 19 84 3 70 35 14 34 76 54 2 4 38 53 90 83 65 28 11 26 18 
32 11 51 71 84 46 34 42 97 40 20 29 76 18 39 52 48 77 7 12 62 57 27 83 43 13 98 81 47 85 30 49 2 89 69 1 70 59 31 45 82 21 36 15 72 88 44 23 74 58 66 96 78 24 0 37 93 67 56 92 8 65 19 26 6 90 55 28 41 50 35 60 4 95 33 54 53 94 25 91 5 9 73 16 64 87 22 63 80 61 38 75 86 79 14 10 17 3 68 
51 35 12 41 5 97 94 31 98 69 87 10 81 23 75 7 96 6 9 22 45 58 4 76 86 43 71 88 91 82 47 74 85 89 25 55 42 34 37 84 64 26 11 66 78 62 30 1 90 49 16 20 63 48 3 21 95 2 33 56 24 14 93 52 83 36 17 38 53 27 44 19 28 73 13 0 68 80 29 60 50 79 39 77 8 72 92 67 70 15 65 61 59 57 18 32 40 54 46 
51 86 22 89 78 59 91 29 77 9 74 41 97 81 32 26 36 66 34 96 98 46 75 68 58 94 57 72 2 24 54 80 83 4 15 70 39 14 40 47 25 79 76 31 55 48 16 8 63 92 6 43 62 33 95 67 52 37 50 82 44 20 10 12 18 7 60 73 56 45 87 0 49 19 3 42 85 65 88 13 93 5 28 1 84 23 35 64 38 69 17 27 61 71 30 53 90 21 11 
61 82 31 45 66 6 35 33 12 18 28 96 25 59 84 94 90 41 50 71 72 91 14 93 65 2 27 20 87 70 44 85 52 29 39 36 23 5 64 21 30 19 4 69 17 46 68 56 67 83 10 24 88 86 81 74 62 1 57 51 48 73 32 89 7 47 95 11 80 97 78 43 42 34 8 49 92 13 55 38 37 53 40 0 75 54 63 16 79 76 77 60 22 26 3 9 58 98 15 
48 59 50 17 78 18 62 26 45 54 66 36 83 68 31 43 13 64 88 40 57 5 87 70 2 22 76 67 94 80 9 97 93 27 44 20 56 47 0 79 84 63 89 71 11 46 61 74 14 16 86 8 23 85 19 69 41 32 15 25 53 12 28 91 73 92 81 1 58 49 95 51 90 72 65 30 60 96 29 10 38 39 77 3 52 55 37 42 35 98 82 6 34 7 21 24 75 4 33 
66 22 29 16 3 42 45 6 62 83 81 61 26 30 53 24 7 13 95 54 98 43 64 93 48 50 39 70 40 31 52 18 46 28 85 12 0 51 78 44 33 96 72 69 77 34 84 49 92 14 27 38 2 5 47 4 97 60 82 20 80 74 88 76 86 94 37 90 63 32 65 15 19 1 56 11 23 9 8 73 71 68 67 36 91 55 79 89 10 41 58 75 59 17 25 87 21 35 57 
18 5 0 62 26 24 29 57 8 69 59 78 41 70 71 6 14 54 80 56 73 35 75 20 66 4 22 83 48 33 93 7 11 15 67 77 25 38 49 89 32 44 39 51 64 16 37 87 23 95 3 17 9 40 10 96 27 21 43 1 19 76 60 97 65 92 53 45 58 52 34 74 82 28 84 91 72 79 12 63 42 46 13 36 68 47 2 31 94 55 88 61 81 30 50 85 86 98 90 
96 43 7 24 93 30 73 20 52 64 14 57 88 66 38 74 23 1 89 84 48 19 76 55 45 5 27 4 78 85 77 63 53 40 32 11 31 44 36 9 37 21 97 60 94 15 61 72 82 70 81 62 75 79 28 98 0 33 26 8 56 65 10 67 35 95 17 58 69 83 42 41 59 34 25 90 71 3 22 2 91 80 18 92 6 12 29 86 50 68 16 47 54 51 39 87 13 46 49 
10 75 53 17 51 2 7 40 22 30 61 4 58 59 71 25 55 35 94 73 48 74 45 37 24 26 19 66 50 23 41 81 20 46 43 31 85 6 38 3 60 64 76 65 88 16 33 39 83 49 70 92 57 1 62 78 47 63 14 36 8 82 87 42 84 21 72 79 89 28 68 52 12 0 56 96 91 95 27 69 54 29 98 93 32 11 80 97 67 18 13 86 77 90 15 9 44 34 5 
35 13 21 58 27 82 88 94 37 97 60 12 23 68 9 61 89 24 79 72 80 77 52 66 43 1 14 6 7 57 55 91 50 0 86 95 62 45 38 20 16 74 84 10 40 90 49 4 32 87 64 85 71 59 25 33 34 81 31 48 8 19 78 5 29 92 46 65 70 42 28 63 11 18 2 56 53 83 36 26 39 96 69 17 67 44 54 3 51 15 30 75 76 93 47 98 41 22 73 
82 19 83 93 63 6 57 38 36 62 30 29 88 53 16 77 81 41 7 9 55 49 51 5 98 74 84 28 25 89 64 54 13 17 86 90 34 61 97 23 45 8 65 79 20 33 35 18 75 1 37 69 27 48 56 40 47 92 71 12 43 10 2 73 66 68 59 60 50 26 4 22 32 78 3 24 0 72 11 44 21 87 58 95 96 94 31 14 85 70 42 80 46 91 67 52 76 15 39 
53 97 64 0 52 26 66 80 88 25 43 70 87 77 78 84 82 79 56 4 59 44 60 15 1 57 18 48 81 14 83 92 31 68 3 20 65 73 93 33 21 17 90 46 55 85 29 10 28 23 62 74 11 6 39 13 50 45 71 36 12 94 96 19 7 61 30 86 22 98 49 42 40 5 35 63 72 75 8 89 24 54 2 32 95 58 91 76 37 41 47 16 34 51 69 27 67 38 9 
66 16 27 72 12 73 13 3 69 81 96 86 82 84 60 95 41 56 10 9 63 52 39 94 22 53 36 79 62 75 21 0 8 1 34 20 31 90 68 92 87 44 71 78 54 29 85 88 61 32 83 33 26 4 59 45 76 24 7 80 35 5 48 25 14 43 57 17 77 23 98 67 64 51 38 6 37 47 46 15 40 55 30 93 28 74 97 19 18 50 49 70 42 2 89 58 11 91 65 
0 83 32 21 1 67 3 86 22 58 95 15 98 50 16 59 38 7 89 34 87 91 10 37 71 51 14 75 4 18 40 77 49 53 88 33 9 47 8 27 79 96 57 42 72 25 62 12 78 29 61 66 81 41 36 28 24 74 5 55 64 19 30 52 20 17 26 94 70 43 80 85 54 65 82 31 68 60 45 2 11 23 73 92 13 84 35 6 46 69 93 90 97 39 48 56 76 63 44 
4 11 51 29 44 65 15 28 82 64 59 95 37 46 68 67 38 70 87 90 75 36 5 97 50 52 58 8 76 19 45 20 94 56 14 98 25 69 9 62 2 33 60 34 80 66 31 23 7 47 72 86 10 55 63 12 48 71 26 17 42 92 84 91 79 30 85 21 1 43 18 41 83 88 0 61 3 96 81 39 77 74 54 13 32 93 27 35 49 6 24 53 89 57 22 78 40 73 16 
0 72 33 50 57 1 92 98 58 6 66 70 36 5 10 34 27 18 20 28 51 64 4 79 47 71 39 76 89 63 77 30 68 53 74 9 75 73 84 90 38 65 40 88 60 15 32 54 46 8 55 82 91 95 93 86 16 2 37 87 45 61 83 56 67 21 81 31 59 44 42 7 23 29 49 85 3 19 24 80 48 94 26 17 97 13 14 12 62 41 69 25 11 22 78 35 96 43 52 
46 5 85 82 26 17 27 87 12 61 44 38 63 92 73 49 18 7 34 24 33 30 83 32 66 22 80 97 47 35 72 51 71 94 28 2 19 58 20 65 75 43 68 78 77 93 96 60 8 84 54 50 88 62 45 89 11 57 39 3 23 95 42 36 53 37 29 15 55 98 79 70 52 14 1 0 59 69 81 21 4 40 64 91 41 6 31 13 76 16 10 9 48 25 90 86 74 56 67 
20 96 14 38 37 77 0 71 3 17 65 28 72 25 70 55 29 44 62 39 2 22 75 30 31 74 16 59 26 7 23 66 56 94 63 81 12 49 92 58 57 84 10 61 43 1 79 19 18 69 41 60 11 98 76 45 67 80 40 88 13 48 15 35 97 54 6 64 4 8 91 87 34 51 32 89 5 52 73 9 86 83 21 47 82 42 46 85 95 53 36 90 27 68 24 93 78 50 33 
24 6 61 39 76 19 5 52 98 97 68 54 67 88 84 70 25 28 10 2 96 69 23 79 89 40 32 57 11 7 74 87 49 56 38 13 63 30 42 53 27 91 8 1 72 14 92 78 66 37 31 77 51 43 17 3 0 26 73 46 82 44 65 35 12 29 93 21 22 47 94 20 59 75 81 95 16 9 18 34 48 83 50 62 55 71 36 90 4 86 64 85 41 58 15 33 80 60 45 
58 76 11 43 94 3 57 47 81 84 85 96 1 69 70 61 93 12 37 54 51 17 8 55 5 65 56 86 77 95 73 97 34 21 88 60 92 24 30 78 45 39 23 46 42 50 18 28 25 44 29 48 4 83 35 26 62 20 63 66 79 98 2 33 36 16 40 7 89 80 49 0 9 53 74 75 22 68 15 32 41 71 72 38 19 52 87 14 27 67 82 6 13 31 90 59 64 91 10 
26 98 15 14 36 31 54 60 92 45 49 13 67 33 61 44 28 82 32 66 17 76 2 63 84 62 56 21 10 65 58 48 52 39 5 91 3 89 95 81 42 93 41 50 0 94 18 57 8 22 20 11 85 30 25 83 47 79 90 34 7 88 1 12 75 72 40 29 96 4 77 35 74 71 87 68 46 80 53 97 64 19 24 23 86 69 43 70 55 78 16 51 37 9 73 59 38 27 6 
27 16 62 50 79 28 2 20 5 11 86 31 87 64 67 98 18 95 94 73 44 72 15 22 56 91 77 59 26 48 52 55 85 36 42 47 6 12 53 33 1 41 24 93 51 57 76 97 0 84 71 49 68 4 9 89 74 78 63 61 34 29 66 37 54 65 32 17 39 25 30 82 10 80 70 69 23 43 14 35 83 75 13 96 19 60 38 92 46 81 40 88 21 3 8 58 90 7 45 
84 57 18 63 79 39 29 95 2 85 88 73 86 13 24 0 61 10 48 23 19 35 65 74 46 91 12 38 56 71 92 75 64 30 28 59 33 20 83 78 87 32 26 50 51 31 43 27 72 68 9 81 58 76 67 1 3 90 98 22 96 55 47 54 82 21 16 80 36 15 37 60 89 8 42 97 93 40 5 69 70 4 14 53 49 45 62 7 25 11 17 94 66 41 77 6 44 52 34 
62 50 89 3 84 12 1 35 57 42 72 32 93 11 74 22 41 98 8 30 26 34 73 64 60 81 21 4 5 31 52 33 63 68 83 19 36 2 59 78 45 38 55 20 48 88 29 86 27 44 17 56 66 15 43 65 16 77 53 28 7 79 37 92 87 39 94 97 58 25 40 96 51 6 13 80 85 10 95 47 24 76 69 46 67 82 9 0 23 70 54 18 90 91 75 49 71 14 61 
62 4 23 59 7 44 87 94 68 34 46 82 75 52 17 61 56 65 5 19 9 98 38 26 69 74 57 86 58 12 43 90 40 37 15 85 30 6 49 95 3 48 55 79 13 39 0 33 42 10 2 77 63 36 88 22 51 11 29 53 21 96 80 25 66 14 71 18 70 45 1 92 27 50 60 8 54 31 28 64 83 73 32 47 24 41 16 84 91 20 97 67 78 35 93 72 89 81 76 
68 96 64 76 11 62 24 16 67 2 63 83 35 15 93 20 36 45 86 55 39 91 51 6 7 14 58 79 40 92 9 25 32 77 18 30 56 38 80 50 52 8 74 5 61 31 46 13 88 44 49 4 65 34 84 48 69 78 59 97 98 43 85 60 66 47 27 21 29 53 42 82 17 37 89 33 22 71 73 70 12 90 0 19 57 94 10 23 26 41 3 54 28 81 87 72 1 95 75 
7 40 96 58 25 39 55 61 34 65 12 88 26 86 14 71 79 10 49 93 76 27 30 31 67 74 24 72 95 44 28 92 29 42 1 68 64 69 9 77 35 45 84 51 32 23 75 11 20 41 80 22 5 82 3 56 53 2 6 46 66 89 48 57 0 81 18 36 78 38 54 59 83 91 8 19 62 85 43 52 60 47 33 73 17 50 70 87 98 94 16 97 37 90 21 63 4 15 13 
39 35 83 59 33 53 71 57 97 19 24 69 80 58 86 82 47 9 40 61 54 25 72 18 41 46 2 81 12 21 27 62 98 26 87 37 43 96 79 15 1 93 20 55 94 29 5 70 22 65 95 44 90 45 6 89 60 52 3 74 7 75 84 13 48 42 67 50 56 11 10 16 4 64 66 51 36 0 76 78 85 17 92 30 63 31 68 38 8 34 77 88 32 49 73 91 14 28 23 
89 31 86 9 7 61 20 39 19 12 56 58 24 94 57 65 49 69 11 2 67 85 18 30 1 54 33 13 32 23 72 64 16 84 73 96 15 62 3 52 76 43 41 70 6 53 98 47 77 26 4 17 63 60 14 22 97 59 92 79 68 51 34 0 66 71 91 10 8 80 93 38 90 83 42 81 88 95 28 75 40 78 82 46 27 87 50 74 55 35 48 21 37 29 5 44 45 36 25 
9 1 57 36 37 74 89 6 12 7 95 97 39 16 51 17 19 48 82 84 26 2 50 80 71 33 61 58 18 45 91 65 22 27 40 79 78 59 70 69 75 46 90 52 98 41 92 55 66 10 67 56 85 21 8 76 14 43 28 63 24 38 73 49 68 3 32 42 44 34 81 20 15 0 35 25 88 54 93 64 60 62 29 87 13 53 4 11 86 30 83 31 96 5 94 77 72 23 47 
60 62 12 26 97 47 20 45 35 54 83 87 58 14 36 66 78 92 10 59 0 1 61 74 21 57 51 72 24 28 49 3 30 73 48 2 17 5 31 80 11 67 6 32 75 69 52 53 81 91 23 13 88 29 64 9 50 79 90 56 4 27 98 41 94 44 37 71 33 77 65 15 63 8 55 82 70 68 7 95 96 18 43 40 84 46 85 16 19 89 42 86 38 22 76 39 34 93 25 
7 49 74 19 3 46 85 14 24 35 51 82 93 29 81 95 17 73 2 8 1 72 52 60 16 28 91 11 68 47 90 84 33 83 26 23 21 61 5 94 53 25 98 88 34 18 43 64 36 59 37 70 55 57 30 10 77 15 20 79 27 32 44 65 62 48 96 63 50 4 12 89 80 71 6 54 42 97 76 75 40 86 69 9 58 31 87 66 67 56 39 92 0 38 78 13 41 22 45 
27 11 73 71 69 25 41 12 14 53 90 78 1 92 23 15 68 34 98 30 75 82 63 59 51 29 87 9 89 66 39 67 31 57 96 21 26 64 3 56 48 46 40 54 84 42 10 6 60 88 52 32 70 36 37 77 8 50 61 58 74 28 44 47 86 18 97 65 43 22 45 81 35 93 19 85 0 33 76 2 94 49 91 4 17 72 5 38 16 62 95 13 80 24 7 20 55 79 83 
88 95 81 77 3 73 4 9 31 80 59 98 79 64 41 78 87 84 90 28 13 94 40 36 2 93 32 63 25 85 24 26 12 68 19 16 44 6 14 22 82 72 71 39 0 30 33 76 18 51 49 75 5 15 67 29 1 69 21 54 48 38 60 55 20 91 35 83 27 45 43 70 74 8 86 65 10 23 61 50 89 46 58 62 92 52 56 97 11 57 96 42 37 34 47 7 66 17 53 
28 11 5 0 41 61 50 40 23 47 48 17 92 86 24 33 93 6 8 76 12 9 67 79 35 75 68 63 87 81 10 55 44 58 80 98 18 54 96 13 89 65 64 16 42 32 14 74 26 91 83 39 60 29 30 94 51 85 7 78 4 90 25 49 97 88 71 1 77 36 69 62 20 46 2 82 57 38 3 15 95 21 37 19 56 59 73 72 43 70 22 53 66 34 31 27 84 52 45 
69 93 43 41 48 70 40 33 0 4 60 85 49 75 34 81 10 1 76 5 30 28 78 16 50 65 9 79 66 83 32 23 94 12 7 31 22 58 29 19 54 18 52 61 35 38 63 17 59 20 68 37 53 8 57 82 26 87 96 92 56 86 55 71 15 84 3 21 88 45 25 2 80 42 97 62 47 91 74 72 90 77 46 14 89 67 98 6 44 39 27 24 51 36 95 73 64 11 13 
75 50 31 70 86 29 97 6 8 93 68 88 62 20 48 33 16 13 64 40 91 7 22 65 2 73 74 63 79 69 39 61 60 89 59 11 58 83 9 41 46 66 42 37 54 24 84 81 43 52 0 44 55 23 85 5 98 94 77 18 19 27 34 87 92 4 72 82 90 78 26 47 56 3 30 76 96 15 32 28 36 14 25 51 95 17 35 80 12 53 1 10 21 49 57 45 71 67 38 
78 66 6 60 85 10 73 27 81 97 58 71 42 84 33 83 30 23 45 96 53 14 70 0 12 5 57 51 94 29 68 50 24 48 18 36 44 19 98 21 49 38 89 67 43 86 62 55 87 65 39 41 69 37 92 80 74 88 15 3 61 26 16 7 79 32 40 2 82 90 46 91 59 25 17 47 63 20 72 76 34 54 1 9 56 22 93 75 64 4 11 95 77 35 31 52 8 13 28 
1 31 17 33 41 90 18 77 28 26 43 24 27 82 0 36 71 23 64 88 13 52 10 66 34 3 42 21 49 45 65 96 51 32 50 56 92 94 46 79 19 44 5 48 76 62 40 38 63 57 39 55 68 67 95 8 59 4 6 74 35 80 14 93 12 30 84 87 47 15 86 2 98 60 78 11 91 73 54 22 9 16 75 58 83 53 89 70 69 61 85 72 20 97 7 81 29 25 37 
13 85 9 44 87 29 94 74 84 7 50 41 95 22 8 11 2 37 54 3 81 66 59 51 26 48 34 64 33 60 5 42 89 16 31 65 1 56 24 75 23 25 57 39 92 91 6 20 67 93 96 61 69 30 35 72 17 12 46 27 58 53 19 68 28 86 70 83 88 36 82 63 32 90 55 79 80 14 40 76 10 21 52 62 71 98 97 78 0 49 18 4 38 45 43 77 73 47 15 
85 29 23 58 46 94 51 77 26 4 93 21 36 73 57 76 95 81 70 45 43 53 47 49 44 27 28 12 72 25 82 97 79 24 1 84 8 74 71 16 75 54 64 80 31 35 40 18 0 62 30 2 5 20 56 67 60 15 78 61 65 83 14 42 92 17 52 50 90 3 41 19 33 11 10 89 34 13 98 69 91 66 87 32 37 7 86 9 96 38 39 63 55 48 22 6 88 59 68 
75 10 93 43 87 9 51 88 61 6 72 33 18 89 19 66 97 59 44 65 78 7 50 48 27 3 55 36 2 92 5 68 63 30 98 4 41 38 81 21 84 91 56 22 25 52 57 86 71 11 94 35 67 8 39 31 96 20 53 34 40 15 28 49 1 70 26 16 77 24 14 69 17 85 54 80 60 45 90 64 73 74 62 47 42 76 0 23 32 79 58 12 13 95 82 83 37 29 46 
69 67 14 6 62 56 87 61 40 29 12 2 57 28 84 26 55 52 7 19 64 32 24 71 13 20 46 38 58 37 18 86 17 54 15 96 31 36 25 91 42 92 97 53 74 80 76 89 68 83 48 94 50 34 79 51 5 49 41 45 1 0 16 44 82 35 81 66 4 43 85 22 39 47 63 59 93 30 65 27 75 72 77 33 70 78 60 98 23 95 8 10 90 9 21 3 11 73 88 
78 28 7 87 80 35 5 45 62 40 86 46 16 85 11 22 81 67 27 1 64 31 91 74 79 77 92 83 54 71 76 49 69 13 73 72 66 75 19 15 12 3 51 25 70 24 38 10 33 20 17 44 50 4 47 93 43 39 21 96 82 29 57 95 68 59 97 58 32 34 2 53 42 30 41 60 23 88 55 56 37 89 14 8 84 36 90 61 26 65 0 18 9 94 48 6 98 63 52 
42 83 8 94 93 7 76 54 23 14 10 51 45 47 63 26 73 1 79 11 21 57 98 88 38 33 95 39 49 27 66 31 65 84 80 90 86 89 20 19 13 43 55 78 56 75 69 36 48 40 60 64 46 24 77 18 70 52 41 16 25 35 44 0 37 9 96 5 53 17 30 12 62 59 91 68 85 71 28 72 22 29 81 4 50 61 15 34 97 32 58 87 92 3 74 67 2 6 82 
5 80 96 67 55 91 84 43 13 14 65 10 50 20 9 30 28 41 83 33 44 88 52 69 71 78 81 2 27 89 37 97 64 24 46 16 62 42 23 57 6 32 86 34 47 58 90 26 35 59 7 61 76 60 94 68 1 53 17 92 15 49 8 66 79 4 39 48 12 54 29 75 36 22 38 51 77 45 19 70 82 3 11 0 40 25 73 56 87 18 85 21 98 31 74 72 93 63 95 
94 40 63 9 49 15 52 89 74 86 30 43 29 58 26 73 84 45 51 41 22 16 12 48 87 3 2 72 7 20 53 57 70 75 37 78 19 61 42 25 1 95 85 68 59 32 91 17 4 11 6 35 54 98 13 23 62 56 80 5 82 14 36 46 44 27 96 31 34 0 71 64 21 93 47 88 50 66 77 10 8 69 67 79 97 81 28 65 18 39 92 24 38 90 60 83 76 33 55 
94 1 97 58 7 25 84 40 28 5 21 42 98 3 16 31 9 92 36 91 34 77 88 74 89 22 54 43 56 95 79 41 23 50 65 82 4 57 14 66 45 90 10 69 52 11 47 93 6 24 35 0 8 30 44 46 70 87 71 18 75 39 20 12 49 67 27 15 38 32 86 61 60 96 63 37 17 2 68 85 19 59 48 29 83 76 33 80 73 64 81 51 78 55 13 53 62 72 26 
48 46 97 35 66 55 70 14 75 86 78 47 7 77 68 31 98 15 80 89 91 63 40 21 27 2 42 88 83 54 60 96 90 38 24 13 10 19 16 82 73 71 29 57 41 11 53 79 94 39 52 76 22 61 95 1 85 58 30 26 33 17 51 8 6 87 49 5 0 64 44 84 20 9 69 65 56 12 36 59 43 4 34 74 28 81 92 3 37 72 67 62 18 25 50 45 93 23 32 
33 87 65 45 69 93 36 2 26 77 49 32 34 10 0 50 98 11 20 9 30 76 68 46 96 64 27 24 73 95 47 12 71 5 85 89 56 39 83 51 60 52 97 15 91 70 54 75 19 25 55 44 92 13 23 21 1 4 62 43 90 80 58 79 81 31 6 37 3 42 35 40 84 14 63 59 41 7 22 88 48 57 74 29 61 82 78 67 8 18 16 38 17 53 86 72 66 94 28 
58 76 45 15 4 20 70 3 12 17 65 19 16 73 98 72 60 11 13 81 7 5 42 22 40 93 41 95 74 71 69 1 53 50 78 94 33 10 43 56 75 47 55 86 18 8 80 85 83 63 30 52 32 9 59 38 36 31 29 96 92 44 28 0 97 27 54 37 77 87 89 25 66 46 67 79 34 21 88 51 6 84 24 68 91 82 23 26 64 2 61 35 90 14 57 62 48 49 39 
45 28 90 9 73 74 40 24 66 31 7 12 95 20 72 26 70 17 10 23 79 38 33 83 71 89 64 8 51 19 82 53 84 86 62 1 78 56 15 63 52 55 50 5 34 21 6 44 58 4 46 25 30 3 14 75 77 13 22 27 69 49 43 91 2 32 41 60 42 92 88 80 36 76 54 68 35 94 29 59 61 65 98 96 97 81 39 93 0 67 47 18 37 48 16 85 57 11 87 
20 23 85 56 84 10 36 25 37 1 18 26 94 51 6 77 12 61 98 67 34 60 15 39 49 71 41 76 93 74 28 57 50 48 55 83 88 45 59 54 90 0 46 42 16 79 32 33 9 75 17 47 31 21 53 62 89 80 22 87 13 97 27 69 5 66 96 40 52 73 14 44 64 95 19 63 72 65 8 81 29 2 58 82 68 4 24 78 43 3 7 38 11 92 70 35 30 91 86 
67 25 62 39 94 50 72 75 14 12 87 59 46 93 32 70 1 98 37 24 54 95 84 42 27 22 73 19 2 7 30 0 9 78 91 13 81 56 10 83 11 80 79 92 52 85 68 17 20 65 36 38 63 8 6 71 66 69 29 35 49 15 64 5 47 3 45 41 43 4 21 33 57 53 18 26 96 89 34 90 23 31 44 86 58 40 48 28 76 97 60 74 77 55 51 88 61 82 16 
50 81 24 30 65 42 14 84 9 97 18 3 79 77 82 69 27 29 93 38 95 21 56 98 78 90 80 86 11 6 28 10 48 32 73 52 47 88 43 75 16 7 54 62 31 13 71 66 89 12 45 85 4 35 92 59 70 76 2 26 61 57 8 33 64 5 41 44 34 87 49 23 19 60 17 74 68 36 39 0 94 53 25 72 55 15 37 58 40 96 22 1 51 63 67 91 20 46 83 
86 46 72 17 14 83 96 84 28 69 0 80 41 54 60 81 3 93 26 11 77 58 56 25 51 40 75 65 29 36 37 13 2 42 4 76 32 6 20 52 95 22 30 43 44 62 5 74 87 59 47 85 9 48 90 8 15 66 63 7 35 98 97 12 45 53 57 71 55 31 82 89 79 21 27 38 10 67 39 64 68 50 19 1 23 73 94 91 78 34 61 24 49 70 16 18 88 33 92 
65 98 92 3 84 42 90 87 20 31 38 18 80 43 97 54 89 63 34 86 9 75 50 19 78 21 67 81 24 26 7 40 41 77 25 11 57 28 91 29 56 60 96 17 51 45 70 8 35 94 36 71 16 68 83 58 48 79 73 85 32 22 59 95 46 64 0 27 62 13 1 14 93 12 49 15 2 66 37 39 76 82 72 52 74 4 10 61 44 53 6 30 88 33 55 47 5 69 23 
15 1 18 88 6 23 60 64 11 65 3 35 63 80 4 86 78 68 41 76 29 32 39 40 44 56 51 58 34 89 69 96 46 48 52 26 31 73 24 57 87 25 95 30 84 22 42 70 38 94 27 53 59 12 28 61 13 98 5 72 47 16 21 83 20 62 67 0 49 50 19 93 45 9 2 8 92 36 43 74 97 71 77 10 81 17 79 7 55 37 82 66 75 90 33 85 91 14 54 
5 97 42 15 64 23 54 65 73 66 3 14 31 11 29 58 20 24 0 43 84 37 90 91 51 87 68 81 61 1 44 56 80 39 79 34 52 63 59 8 86 49 46 74 48 21 32 89 77 98 71 2 92 47 17 60 35 6 57 62 9 30 55 40 72 25 12 19 16 27 41 85 50 18 75 33 7 26 45 69 22 10 4 93 96 76 95 28 13 67 83 88 82 53 70 78 38 36 94 
98 79 5 35 45 2 88 61 91 25 27 65 63 42 3 11 56 36 53 64 40 48 49 67 8 80 62 9 76 0 18 71 30 38 75 60 78 72 26 97 33 21 68 81 47 58 50 46 22 28 95 17 37 6 1 82 16 87 92 39 84 10 66 69 31 90 44 93 19 4 23 70 77 24 83 55 7 94 29 52 51 41 20 89 13 54 34 86 43 74 32 57 14 59 15 85 96 12 73 
52 45 18 20 93 51 63 68 80 62 74 19 4 14 26 15 17 58 10 1 47 89 73 91 59 64 31 32 92 55 38 29 39 46 41 77 86 0 48 30 81 98 2 23 60 12 85 37 35 75 95 83 42 5 22 96 43 84 9 50 44 82 24 40 54 3 67 72 21 69 13 11 25 88 70 8 78 79 87 7 90 66 56 36 97 61 16 33 34 57 6 53 28 76 65 71 49 94 27 
45 56 66 34 96 92 69 1 41 87 13 5 65 19 86 93 94 42 97 0 24 29 30 9 43 85 8 77 17 4 73 91 79 50 23 67 64 3 53 37 10 6 74 90 51 84 12 58 98 70 22 18 39 60 83 21 35 54 25 57 16 44 20 61 11 38 49 26 27 59 14 88 75 52 32 7 82 40 95 78 68 63 62 2 76 80 71 36 72 15 48 28 89 55 33 81 47 31 46 
72 94 49 30 81 64 51 3 73 11 8 98 96 69 93 9 55 0 70 53 34 38 76 33 40 35 56 25 61 41 20 90 82 18 12 39 89 79 83 19 44 43 50 26 80 65 68 37 42 95 86 77 52 46 78 74 31 27 21 16 87 15 75 54 36 22 45 91 88 2 63 66 97 71 32 92 60 1 28 7 5 10 14 23 24 6 29 85 59 67 4 58 17 13 84 48 57 47 62 
34 7 20 36 31 5 53 62 87 61 69 95 84 94 28 82 3 49 25 6 15 89 24 52 4 21 93 0 56 91 27 29 64 75 32 14 51 39 37 63 9 38 16 92 65 70 19 72 54 66 18 50 17 12 40 68 43 23 13 35 97 30 47 74 46 83 2 88 76 60 90 1 45 48 55 42 59 80 22 41 26 71 86 44 57 58 10 96 79 67 73 81 8 77 98 33 85 11 78 
36 44 40 32 98 61 65 4 80 6 38 64 47 78 19 97 51 81 26 1 37 42 73 56 89 95 43 67 88 86 45 30 15 14 94 74 29 96 90 85 21 2 62 71 16 55 91 0 35 66 13 31 53 87 25 69 82 77 58 17 41 49 24 68 9 20 76 93 75 57 11 50 33 28 23 8 72 92 79 5 27 7 18 34 39 52 84 70 59 48 10 63 22 46 83 60 54 3 12 
15 75 55 9 4 42 57 10 90 5 35 85 26 44 38 23 39 96 24 86 77 34 82 17 20 30 7 13 32 47 43 80 46 16 98 37 64 29 97 70 92 71 93 49 22 95 11 60 91 3 53 50 1 58 72 76 69 14 62 33 88 8 28 6 2 41 66 81 51 65 94 83 74 63 79 12 59 89 21 73 0 19 78 52 68 87 48 67 31 54 56 61 84 45 27 36 25 40 18 
1 0 83 38 39 42 48 92 51 34 59 28 18 30 2 33 47 6 36 55 69 90 20 94 54 9 75 86 11 63 49 70 88 61 58 77 3 8 64 23 80 73 15 52 96 66 53 7 24 85 22 65 35 21 71 25 46 76 31 4 32 98 57 50 41 27 40 87 43 84 29 89 67 72 13 95 56 68 37 10 14 62 74 78 19 26 44 5 81 60 82 79 93 12 16 97 45 17 91 
9 51 63 12 26 71 25 18 67 62 54 34 61 55 40 29 41 94 31 91 58 60 59 37 38 32 8 19 95 44 14 7 73 92 11 0 1 17 80 52 79 89 24 50 23 93 43 98 28 21 74 15 64 47 49 57 90 75 77 30 45 5 76 46 78 85 3 65 69 13 86 70 39 72 2 22 83 48 66 6 88 42 36 82 81 56 84 96 16 20 27 10 53 35 4 68 87 97 33 
22 32 8 72 61 29 68 79 60 36 69 66 45 20 7 37 93 19 17 30 77 6 65 90 23 70 11 98 14 53 33 95 12 78 87 27 54 34 9 96 5 47 0 81 46 97 76 51 92 89 48 44 1 85 25 50 71 49 3 26 40 67 52 31 10 56 16 88 24 83 15 13 63 35 84 86 55 80 74 2 82 42 43 75 59 28 64 58 57 41 73 62 18 94 91 4 39 21 38 
6 19 22 23 26 50 24 82 92 77 79 71 33 86 91 94 65 35 60 64 43 25 84 96 73 0 28 70 97 67 98 3 36 45 78 13 49 46 17 61 30 39 80 14 62 72 76 83 2 29 15 11 21 44 56 41 1 10 54 18 38 40 20 88 37 90 58 85 59 89 31 66 75 34 57 55 12 32 87 81 5 7 68 47 95 4 52 48 9 51 27 53 63 42 16 69 93 8 74 
58 37 61 3 54 26 47 59 10 15 46 2 89 62 74 97 77 50 9 88 72 73 93 60 55 44 51 19 1 64 43 92 69 29 11 87 36 81 49 71 0 85 5 31 34 98 86 67 40 68 48 8 52 35 28 66 65 63 56 13 6 24 96 42 75 25 79 20 94 84 70 39 12 21 7 76 83 32 57 16 78 27 95 41 38 82 33 91 80 30 90 14 18 17 4 45 22 53 23 
84 52 46 39 31 37 88 24 30 67 33 51 45 38 75 89 63 2 57 20 72 0 21 79 59 55 92 7 64 17 86 22 53 93 29 4 82 27 87 47 49 68 58 83 61 77 15 9 56 95 11 44 85 25 28 43 98 60 35 6 3 50 8 18 19 5 96 76 48 13 32 41 66 90 62 16 36 80 42 91 97 40 26 69 73 94 10 23 70 34 71 65 12 14 1 74 81 78 54 
