number; 73
14; 10
16; 10
22; 10
48; 10
51; 100
52; 100
70; 100
76; 100
99; 100
100; 100
101; 100
105; 100
107; 100
124; 100
127; 100
130; 100
136; 100
144; 100
150; 100
152; 100
159; 100
195; 100
198; 100
200; 100
225; 100
226; 100
262; 100
264; 100
280; 100
299; 100
318; 100
400; 100
417; 100
439; 100
442; 100
493; 100
532; 100
535; 100
574; 100
575; 100
654; 100
657; 100
724; 100
783; 100
1002; 100
1060; 100
1084; 100
1173; 100
1291; 100
1304; 100
1323; 100
1379; 100
1400; 100
1432; 100
1577; 100
1655; 100
1748; 100
1817; 100
1889; 100
2103; 100
2152; 100
2319; 100
2392; 100
3038; 100
3795; 100
4461; 100
5915; 100
5934; 100
11849; 100
13509; 100
14051; 100
15112; 100
18512; 100
